current_epoch	train_loss	train_acc	f_score	train_acc_class_0	train_loss_class_0	train_f_score_0	train_acc_class_1	train_loss_class_1	train_f_score_1	train_acc_class_2	train_loss_class_2	train_f_score_2
0.0000	0.8819	0.7023	0.2095	0.0000	3.1667	0.2085	0.0013	2.1794	0.2095	0.9975	0.3710	0.2095
1.0000	0.8275	0.7040	0.2331	0.0000	3.0807	0.2308	0.0443	1.9998	0.2331	0.9910	0.3527	0.2331
2.0000	0.8123	0.7088	0.2580	0.0000	3.0898	0.2556	0.1163	1.9238	0.2580	0.9882	0.3468	0.2580
3.0000	0.8060	0.7102	0.2640	0.0000	3.0823	0.2633	0.1439	1.8830	0.2640	0.9875	0.3427	0.2640
4.0000	0.8041	0.7093	0.2607	0.0000	3.0891	0.2589	0.1288	1.9103	0.2607	0.9872	0.3415	0.2607
5.0000	0.8060	0.7094	0.2677	0.0000	3.0948	0.2665	0.1501	1.8809	0.2677	0.9845	0.3455	0.2677
6.0000	0.8027	0.7093	0.2699	0.0000	3.0593	0.2677	0.1563	1.8669	0.2699	0.9828	0.3445	0.2699
7.0000	0.7999	0.7136	0.2815	0.0000	3.0908	0.2812	0.1969	1.8296	0.2815	0.9846	0.3408	0.2815
8.0000	0.7985	0.7158	0.2872	0.0000	3.0269	0.2848	0.2149	1.8123	0.2872	0.9855	0.3425	0.2872
9.0000	0.7943	0.7167	0.2911	0.0000	3.0476	0.2883	0.2277	1.8169	0.2911	0.9844	0.3399	0.2911
10.0000	0.7969	0.7177	0.2940	0.0000	3.0561	0.2922	0.2411	1.7958	0.2940	0.9843	0.3434	0.2940
11.0000	0.7944	0.7180	0.2942	0.0000	3.0471	0.2919	0.2431	1.7814	0.2942	0.9857	0.3408	0.2942
12.0000	0.7941	0.7169	0.2942	0.0000	3.0403	0.2927	0.2407	1.7827	0.2942	0.9822	0.3426	0.2942
13.0000	0.7899	0.7156	0.3024	0.0000	3.0493	0.2999	0.2463	1.7762	0.3024	0.9767	0.3428	0.3024
14.0000	0.7830	0.7187	0.3134	0.0000	3.0013	0.3105	0.2567	1.7916	0.3134	0.9761	0.3395	0.3134
15.0000	0.7803	0.7189	0.3217	0.0000	3.0047	0.3184	0.2634	1.7774	0.3217	0.9713	0.3408	0.3217
16.0000	0.7781	0.7187	0.3179	0.0000	3.0056	0.3170	0.2561	1.7660	0.3179	0.9711	0.3401	0.3179
17.0000	0.7775	0.7181	0.3172	0.0000	2.9935	0.3162	0.2589	1.7757	0.3172	0.9704	0.3399	0.3172
18.0000	0.7761	0.7191	0.3220	0.0000	3.0056	0.3198	0.2727	1.7493	0.3220	0.9704	0.3402	0.3220
19.0000	0.7765	0.7183	0.3208	0.0000	2.9922	0.3192	0.2731	1.7401	0.3208	0.9702	0.3401	0.3208
20.0000	0.7752	0.7198	0.3238	0.0000	2.9925	0.3216	0.2734	1.7517	0.3241	0.9709	0.3408	0.3238
21.0000	0.7755	0.7192	0.3229	0.0000	2.9582	0.3210	0.2722	1.7516	0.3229	0.9699	0.3395	0.3229
22.0000	0.7753	0.7184	0.3199	0.0000	3.0214	0.3193	0.2660	1.7485	0.3199	0.9695	0.3385	0.3199
23.0000	0.7753	0.7171	0.3183	0.0000	3.0305	0.3164	0.2567	1.7659	0.3183	0.9670	0.3406	0.3183
24.0000	0.7729	0.7210	0.3278	0.0000	3.0060	0.3260	0.2794	1.7375	0.3278	0.9698	0.3390	0.3278
25.0000	0.7740	0.7203	0.3270	0.0000	3.0109	0.3253	0.2805	1.7329	0.3270	0.9691	0.3402	0.3270
26.0000	0.7742	0.7192	0.3250	0.0000	3.0079	0.3215	0.2743	1.7468	0.3250	0.9676	0.3416	0.3250
27.0000	0.7715	0.7198	0.3238	0.0000	3.0135	0.3232	0.2742	1.7427	0.3238	0.9698	0.3380	0.3238
28.0000	0.7711	0.7201	0.3265	0.0000	3.0015	0.3243	0.2722	1.7394	0.3265	0.9690	0.3388	0.3265
29.0000	0.7688	0.7203	0.3275	0.0000	3.0101	0.3251	0.2740	1.7404	0.3275	0.9686	0.3378	0.3275
30.0000	0.7701	0.7192	0.3266	0.0000	3.0030	0.3250	0.2739	1.7408	0.3266	0.9683	0.3386	0.3266
31.0000	0.7670	0.7218	0.3305	0.0000	2.9942	0.3288	0.2811	1.7290	0.3305	0.9694	0.3364	0.3305
32.0000	0.7693	0.7207	0.3284	0.0000	2.9684	0.3274	0.2791	1.7283	0.3284	0.9689	0.3376	0.3284
33.0000	0.7683	0.7201	0.3277	0.0000	3.0112	0.3266	0.2824	1.7236	0.3277	0.9680	0.3369	0.3277
34.0000	0.7673	0.7210	0.3312	0.0000	2.9930	0.3276	0.2784	1.7209	0.3312	0.9691	0.3372	0.3312
35.0000	0.7670	0.7208	0.3309	0.0000	2.9776	0.3282	0.2845	1.7322	0.3309	0.9679	0.3350	0.3309
36.0000	0.7676	0.7217	0.3319	0.0000	2.9856	0.3296	0.2880	1.7103	0.3319	0.9687	0.3380	0.3319
37.0000	0.7680	0.7216	0.3343	0.0000	2.9784	0.3316	0.2942	1.7195	0.3343	0.9686	0.3370	0.3343
38.0000	0.7646	0.7212	0.3295	0.0000	2.9810	0.3284	0.2862	1.7130	0.3295	0.9690	0.3360	0.3295
39.0000	0.7645	0.7210	0.3276	0.0000	3.0111	0.3254	0.2846	1.7056	0.3276	0.9692	0.3351	0.3276
40.0000	0.7637	0.7215	0.3327	0.0000	2.9642	0.3318	0.2893	1.7104	0.3327	0.9671	0.3354	0.3327
41.0000	0.7641	0.7220	0.3357	0.0000	2.9380	0.3321	0.3042	1.6978	0.3357	0.9679	0.3348	0.3357
42.0000	0.7630	0.7224	0.3349	0.0000	2.9751	0.3304	0.3012	1.7003	0.3349	0.9690	0.3337	0.3349
43.0000	0.7619	0.7217	0.3339	0.0000	2.9552	0.3305	0.2927	1.7203	0.3339	0.9679	0.3343	0.3339
44.0000	0.7624	0.7213	0.3319	0.0000	2.9503	0.3292	0.3004	1.6882	0.3319	0.9687	0.3343	0.3319
45.0000	0.7618	0.7204	0.3314	0.0000	2.9676	0.3292	0.2931	1.6982	0.3314	0.9669	0.3352	0.3314
46.0000	0.7600	0.7227	0.3339	0.0000	2.9551	0.3313	0.2954	1.6990	0.3339	0.9690	0.3324	0.3339
47.0000	0.7590	0.7220	0.3351	0.0000	2.9547	0.3336	0.3054	1.6714	0.3351	0.9686	0.3324	0.3351
48.0000	0.7577	0.7228	0.3363	0.0000	2.9531	0.3331	0.3017	1.6876	0.3363	0.9688	0.3332	0.3363
49.0000	0.7585	0.7229	0.3362	0.0000	2.9445	0.3334	0.3054	1.6751	0.3363	0.9686	0.3334	0.3362
50.0000	0.7575	0.7226	0.3353	0.0000	2.9278	0.3336	0.3005	1.6902	0.3353	0.9676	0.3317	0.3353
51.0000	0.7571	0.7226	0.3368	0.0000	2.9181	0.3335	0.2964	1.6854	0.3368	0.9678	0.3316	0.3368
52.0000	0.7558	0.7237	0.3376	0.0000	2.9685	0.3354	0.3075	1.6788	0.3376	0.9687	0.3311	0.3376
53.0000	0.7555	0.7230	0.3359	0.0000	2.9297	0.3342	0.3113	1.6751	0.3359	0.9685	0.3306	0.3359
54.0000	0.7573	0.7224	0.3368	0.0000	2.9571	0.3343	0.3102	1.6887	0.3368	0.9677	0.3319	0.3368
55.0000	0.7536	0.7239	0.3369	0.0000	2.9025	0.3345	0.3066	1.6805	0.3369	0.9694	0.3302	0.3369
56.0000	0.7556	0.7231	0.3373	0.0000	2.9463	0.3366	0.3013	1.6698	0.3373	0.9677	0.3323	0.3373
57.0000	0.7532	0.7243	0.3360	0.0000	2.9786	0.3336	0.3070	1.6686	0.3360	0.9703	0.3297	0.3360
58.0000	0.7527	0.7228	0.3348	0.0000	2.9318	0.3332	0.3024	1.6816	0.3348	0.9688	0.3303	0.3348
59.0000	0.7523	0.7237	0.3393	0.0000	2.9363	0.3372	0.3115	1.6660	0.3393	0.9677	0.3302	0.3393
60.0000	0.7498	0.7251	0.3407	0.0000	2.9363	0.3384	0.3110	1.6661	0.3407	0.9686	0.3287	0.3407
61.0000	0.7508	0.7238	0.3415	0.0000	2.9296	0.3387	0.3212	1.6576	0.3415	0.9668	0.3300	0.3415
62.0000	0.7495	0.7237	0.3408	0.0000	2.9164	0.3353	0.3085	1.6638	0.3408	0.9677	0.3297	0.3408
63.0000	0.7488	0.7248	0.3428	0.0000	2.9302	0.3412	0.3163	1.6642	0.3428	0.9665	0.3289	0.3428
64.0000	0.7477	0.7258	0.3437	0.0000	2.9357	0.3412	0.3201	1.6507	0.3437	0.9690	0.3283	0.3437
65.0000	0.7468	0.7250	0.3431	0.0000	2.9516	0.3424	0.3184	1.6467	0.3431	0.9672	0.3279	0.3431
66.0000	0.7450	0.7249	0.3443	0.0000	2.9768	0.3418	0.3246	1.6432	0.3443	0.9674	0.3274	0.3443
67.0000	0.7454	0.7254	0.3456	0.0000	2.9381	0.3426	0.3165	1.6430	0.3456	0.9674	0.3281	0.3456
68.0000	0.7454	0.7258	0.3445	0.0000	2.9544	0.3421	0.3226	1.6494	0.3445	0.9673	0.3270	0.3445
69.0000	0.7445	0.7260	0.3478	0.0000	2.9355	0.3435	0.3281	1.6414	0.3478	0.9672	0.3274	0.3478
70.0000	0.7445	0.7260	0.3450	0.0000	2.9297	0.3433	0.3184	1.6453	0.3450	0.9677	0.3275	0.3450
71.0000	0.7433	0.7258	0.3457	0.0000	2.9104	0.3418	0.3242	1.6376	0.3457	0.9684	0.3263	0.3457
72.0000	0.7434	0.7269	0.3446	0.0000	2.9349	0.3432	0.3228	1.6435	0.3446	0.9685	0.3271	0.3446
73.0000	0.7414	0.7261	0.3458	0.0000	2.9535	0.3430	0.3264	1.6284	0.3458	0.9684	0.3256	0.3458
74.0000	0.7416	0.7267	0.3466	0.0000	2.9382	0.3437	0.3289	1.6263	0.3466	0.9692	0.3249	0.3466
75.0000	0.7408	0.7270	0.3493	0.0000	2.9430	0.3465	0.3312	1.6228	0.3493	0.9675	0.3253	0.3493
76.0000	0.7404	0.7264	0.3487	0.0000	2.9079	0.3462	0.3381	1.6181	0.3487	0.9676	0.3251	0.3487
77.0000	0.7392	0.7279	0.3506	0.0000	2.9053	0.3477	0.3308	1.6373	0.3506	0.9682	0.3242	0.3506
78.0000	0.7382	0.7274	0.3482	0.0000	2.9130	0.3463	0.3282	1.6217	0.3482	0.9682	0.3247	0.3482
79.0000	0.7384	0.7278	0.3520	0.0000	2.9303	0.3472	0.3356	1.6174	0.3520	0.9691	0.3230	0.3520
80.0000	0.7375	0.7267	0.3460	0.0000	2.9002	0.3449	0.3263	1.6154	0.3460	0.9685	0.3239	0.3460
81.0000	0.7366	0.7290	0.3542	0.0000	2.8992	0.3514	0.3431	1.6128	0.3542	0.9692	0.3233	0.3542
82.0000	0.7366	0.7276	0.3466	0.0000	2.8718	0.3452	0.3266	1.6241	0.3466	0.9698	0.3225	0.3466
83.0000	0.7362	0.7284	0.3511	0.0000	2.9075	0.3482	0.3338	1.6216	0.3511	0.9691	0.3233	0.3511
84.0000	0.7356	0.7273	0.3485	0.0000	2.9115	0.3466	0.3304	1.6240	0.3485	0.9688	0.3231	0.3485
85.0000	0.7343	0.7283	0.3525	0.0000	2.8968	0.3510	0.3421	1.6084	0.3525	0.9686	0.3221	0.3525
86.0000	0.7332	0.7297	0.3542	0.0000	2.9114	0.3528	0.3447	1.5886	0.3543	0.9696	0.3223	0.3542
87.0000	0.7331	0.7288	0.3523	0.0000	2.9070	0.3492	0.3329	1.6047	0.3523	0.9697	0.3213	0.3523
88.0000	0.7329	0.7286	0.3514	0.0000	2.8852	0.3494	0.3338	1.6107	0.3514	0.9690	0.3213	0.3514
89.0000	0.7325	0.7295	0.3534	0.0000	2.8990	0.3520	0.3394	1.5888	0.3534	0.9701	0.3213	0.3534
90.0000	0.7317	0.7300	0.3545	0.0000	2.8933	0.3524	0.3459	1.5980	0.3545	0.9692	0.3216	0.3545
91.0000	0.7311	0.7289	0.3538	0.0000	2.9065	0.3501	0.3392	1.6016	0.3538	0.9694	0.3213	0.3538
92.0000	0.7308	0.7293	0.3555	0.0000	2.8659	0.3533	0.3430	1.5982	0.3555	0.9683	0.3213	0.3555
93.0000	0.7301	0.7301	0.3546	0.0000	2.8791	0.3519	0.3442	1.5935	0.3546	0.9706	0.3198	0.3546
94.0000	0.7305	0.7295	0.3557	0.0000	2.8819	0.3531	0.3454	1.5950	0.3557	0.9683	0.3201	0.3557
95.0000	0.7299	0.7303	0.3552	0.0000	2.8916	0.3541	0.3430	1.5980	0.3552	0.9696	0.3209	0.3552
96.0000	0.7295	0.7299	0.3549	0.0000	2.8862	0.3519	0.3462	1.5885	0.3549	0.9699	0.3207	0.3549
97.0000	0.7294	0.7300	0.3541	0.0000	2.8818	0.3499	0.3427	1.5944	0.3541	0.9700	0.3194	0.3541
98.0000	0.7294	0.7304	0.3573	0.0000	2.8895	0.3538	0.3427	1.6020	0.3573	0.9691	0.3218	0.3573
99.0000	0.7290	0.7305	0.3577	0.0000	2.8969	0.3525	0.3450	1.5900	0.3577	0.9703	0.3187	0.3577
0.0000	0.9039	0.7031	0.5814	0.0000	3.2147	0.5802	0.0000	2.2476	0.5814	1.0000	0.3721	0.5814	0.0000	1.8364	0.5814
1.0000	0.8592	0.7080	0.5966	0.0000	3.2028	0.5960	0.0892	1.9932	0.5966	0.9942	0.3539	0.5966	0.0000	1.8091	0.5966
2.0000	0.8433	0.7091	0.6031	0.0000	3.1712	0.6020	0.1349	1.9126	0.6031	0.9896	0.3560	0.6031	0.0000	1.7580	0.6031
3.0000	0.8336	0.7111	0.6075	0.0000	3.1529	0.6074	0.1504	1.9120	0.6075	0.9892	0.3532	0.6075	0.0005	1.7084	0.6075
4.0000	0.8221	0.7139	0.6130	0.0000	3.1853	0.6125	0.1847	1.8802	0.6130	0.9883	0.3523	0.6130	0.0044	1.6514	0.6130
5.0000	0.8150	0.7138	0.6142	0.0000	3.1491	0.6134	0.1974	1.8656	0.6142	0.9863	0.3473	0.6142	0.0035	1.6466	0.6142
6.0000	0.8125	0.7158	0.6178	0.0000	3.1462	0.6174	0.2212	1.8352	0.6178	0.9858	0.3509	0.6178	0.0043	1.6326	0.6178
7.0000	0.8072	0.7169	0.6209	0.0000	3.0672	0.6204	0.2410	1.8115	0.6209	0.9837	0.3488	0.6209	0.0061	1.6383	0.6209
8.0000	0.7968	0.7191	0.6253	0.0000	3.0244	0.6252	0.2727	1.7872	0.6253	0.9818	0.3459	0.6253	0.0058	1.6313	0.6253
9.0000	0.7974	0.7206	0.6287	0.0000	3.0546	0.6282	0.2886	1.7740	0.6287	0.9814	0.3460	0.6287	0.0110	1.6182	0.6287
10.0000	0.7969	0.7214	0.6286	0.0000	3.0457	0.6276	0.2903	1.7693	0.6286	0.9826	0.3465	0.6286	0.0059	1.6290	0.6286
11.0000	0.7948	0.7204	0.6276	0.0000	3.0227	0.6269	0.2853	1.7404	0.6276	0.9823	0.3451	0.6276	0.0055	1.6295	0.6276
12.0000	0.7943	0.7196	0.6270	0.0000	3.0774	0.6261	0.2896	1.7524	0.6270	0.9809	0.3460	0.6270	0.0056	1.6262	0.6270
13.0000	0.7978	0.7191	0.6267	0.0000	3.0466	0.6258	0.2823	1.7731	0.6267	0.9804	0.3496	0.6267	0.0064	1.6228	0.6267
14.0000	0.7947	0.7187	0.6255	0.0000	3.0506	0.6243	0.2892	1.7548	0.6255	0.9801	0.3475	0.6255	0.0043	1.6150	0.6255
15.0000	0.7948	0.7196	0.6278	0.0000	3.0592	0.6268	0.2962	1.7547	0.6278	0.9798	0.3481	0.6278	0.0088	1.6056	0.6278
16.0000	0.7949	0.7200	0.6281	0.0000	3.0551	0.6270	0.2919	1.7471	0.6281	0.9803	0.3460	0.6281	0.0101	1.6174	0.6281
17.0000	0.7917	0.7210	0.6286	0.0000	3.0534	0.6285	0.2949	1.7506	0.6286	0.9814	0.3449	0.6286	0.0061	1.6241	0.6286
18.0000	0.7908	0.7202	0.6284	0.0000	3.0432	0.6278	0.3031	1.7379	0.6284	0.9794	0.3455	0.6284	0.0070	1.6136	0.6284
19.0000	0.7950	0.7204	0.6279	0.0000	3.0451	0.6276	0.2955	1.7552	0.6279	0.9804	0.3448	0.6279	0.0064	1.6296	0.6279
20.0000	0.7897	0.7220	0.6301	0.0000	3.0215	0.6298	0.3049	1.7204	0.6301	0.9821	0.3422	0.6301	0.0077	1.6265	0.6301
21.0000	0.7877	0.7208	0.6288	0.0000	3.0356	0.6283	0.2970	1.7339	0.6288	0.9809	0.3409	0.6288	0.0063	1.6216	0.6288
22.0000	0.7905	0.7211	0.6295	0.0000	3.0333	0.6283	0.3007	1.7354	0.6295	0.9800	0.3468	0.6295	0.0092	1.6141	0.6295
23.0000	0.7901	0.7208	0.6285	0.0000	3.0324	0.6280	0.3055	1.7261	0.6285	0.9806	0.3444	0.6285	0.0053	1.6180	0.6285
24.0000	0.7864	0.7213	0.6288	0.0000	3.0413	0.6285	0.3022	1.7389	0.6288	0.9809	0.3436	0.6288	0.0053	1.6086	0.6288
25.0000	0.7901	0.7212	0.6294	0.0000	3.0550	0.6284	0.3003	1.7523	0.6294	0.9808	0.3427	0.6294	0.0060	1.6213	0.6294
26.0000	0.7892	0.7210	0.6285	0.0000	3.0050	0.6283	0.3011	1.7298	0.6285	0.9814	0.3431	0.6285	0.0044	1.6131	0.6285
27.0000	0.7895	0.7191	0.6267	0.0000	2.9965	0.6259	0.2867	1.7459	0.6267	0.9798	0.3438	0.6267	0.0054	1.6154	0.6267
28.0000	0.7881	0.7204	0.6286	0.0000	3.0151	0.6278	0.2983	1.7370	0.6286	0.9807	0.3441	0.6286	0.0070	1.6037	0.6286
29.0000	0.7887	0.7208	0.6292	0.0000	3.0372	0.6279	0.2965	1.7404	0.6292	0.9806	0.3423	0.6292	0.0059	1.6205	0.6292
30.0000	0.7851	0.7205	0.6286	0.0000	3.0159	0.6278	0.3123	1.7150	0.6286	0.9793	0.3434	0.6286	0.0054	1.6021	0.6286
31.0000	0.7844	0.7190	0.6266	0.0000	3.0217	0.6256	0.2854	1.7320	0.6266	0.9793	0.3461	0.6266	0.0068	1.5868	0.6266
32.0000	0.7812	0.7202	0.6289	0.0000	2.9967	0.6287	0.2991	1.7205	0.6289	0.9796	0.3427	0.6289	0.0077	1.5968	0.6289
33.0000	0.7837	0.7198	0.6291	0.0000	3.0033	0.6287	0.3033	1.7215	0.6291	0.9787	0.3455	0.6291	0.0103	1.5811	0.6291
34.0000	0.7806	0.7202	0.6288	0.0000	2.9929	0.6280	0.3007	1.7240	0.6288	0.9795	0.3425	0.6288	0.0062	1.5845	0.6288
35.0000	0.7813	0.7198	0.6286	0.0000	2.9769	0.6282	0.2974	1.7204	0.6286	0.9787	0.3451	0.6286	0.0088	1.5826	0.6286
36.0000	0.7784	0.7205	0.6297	0.0000	3.0116	0.6280	0.3041	1.7097	0.6297	0.9787	0.3440	0.6297	0.0079	1.5734	0.6297
37.0000	0.7782	0.7213	0.6307	0.0000	2.9825	0.6289	0.3071	1.7150	0.6307	0.9795	0.3421	0.6307	0.0076	1.5759	0.6307
38.0000	0.7775	0.7205	0.6301	0.0000	2.9954	0.6295	0.2988	1.7140	0.6301	0.9789	0.3425	0.6301	0.0106	1.5627	0.6301
39.0000	0.7757	0.7222	0.6308	0.3089	1.7274	0.6308	0.9812	0.3389	0.6308	0.0068	1.5704	0.6308	0.0000	2.9472	0.6306
40.0000	0.7783	0.7206	0.6302	0.0000	2.9723	0.6297	0.3039	1.7440	0.6302	0.9786	0.3418	0.6302	0.0128	1.5692	0.6302
41.0000	0.7761	0.7210	0.6316	0.0000	2.9888	0.6306	0.3050	1.7156	0.6316	0.9785	0.3417	0.6316	0.0126	1.5716	0.6316
42.0000	0.7742	0.7209	0.6309	0.0000	2.9898	0.6304	0.3126	1.7004	0.6309	0.9789	0.3411	0.6309	0.0089	1.5658	0.6309
43.0000	0.7718	0.7212	0.6313	0.0005	2.9487	0.6301	0.3059	1.7210	0.6313	0.9787	0.3415	0.6313	0.0111	1.5579	0.6313
44.0000	0.7736	0.7226	0.6315	0.0000	2.9847	0.6313	0.3138	1.7032	0.6315	0.9813	0.3388	0.6315	0.0070	1.5696	0.6315
45.0000	0.7728	0.7224	0.6319	0.0000	2.9609	0.6319	0.3095	1.7034	0.6319	0.9808	0.3394	0.6319	0.0075	1.5699	0.6319
46.0000	0.7724	0.7220	0.6311	0.0000	2.9551	0.6294	0.3156	1.7050	0.6311	0.9797	0.3401	0.6311	0.0056	1.5710	0.6311
47.0000	0.7706	0.7205	0.6303	0.0000	2.9710	0.6294	0.3035	1.7045	0.6303	0.9788	0.3395	0.6303	0.0106	1.5560	0.6303
48.0000	0.7707	0.7219	0.6311	0.0000	2.9539	0.6298	0.3113	1.6975	0.6311	0.9801	0.3392	0.6311	0.0081	1.5524	0.6311
49.0000	0.7688	0.7219	0.6311	0.0000	2.9418	0.6310	0.3089	1.6975	0.6308	0.9804	0.3391	0.6311	0.0091	1.5568	0.6311
50.0000	0.7697	0.7221	0.6308	0.0004	2.9442	0.6300	0.3079	1.7084	0.6308	0.9813	0.3374	0.6308	0.0064	1.5535	0.6308
51.0000	0.7685	0.7213	0.6307	0.0000	2.9676	0.6305	0.3058	1.6860	0.6307	0.9803	0.3396	0.6307	0.0096	1.5473	0.6307
52.0000	0.7656	0.7223	0.6322	0.0000	2.9795	0.6319	0.3048	1.7062	0.6322	0.9802	0.3366	0.6322	0.0122	1.5473	0.6322
53.0000	0.7673	0.7224	0.6317	0.0000	2.9466	0.6313	0.3148	1.6750	0.6317	0.9805	0.3369	0.6317	0.0083	1.5541	0.6317
54.0000	0.7651	0.7223	0.6314	0.3116	1.6790	0.6314	0.9811	0.3363	0.6314	0.0087	1.5505	0.6314	0.0000	2.9379	0.6304
55.0000	0.7641	0.7219	0.6318	0.0000	2.9133	0.6313	0.3135	1.6781	0.6318	0.9794	0.3371	0.6318	0.0091	1.5497	0.6318
56.0000	0.7638	0.7222	0.6323	0.0000	2.8960	0.6319	0.3168	1.6776	0.6323	0.9795	0.3371	0.6323	0.0099	1.5500	0.6323
57.0000	0.7644	0.7220	0.6318	0.0000	2.9528	0.6313	0.3087	1.6807	0.6318	0.9799	0.3377	0.6318	0.0102	1.5399	0.6318
58.0000	0.7629	0.7221	0.6318	0.0000	2.9416	0.6313	0.3141	1.6776	0.6318	0.9800	0.3363	0.6318	0.0086	1.5389	0.6318
59.0000	0.7630	0.7235	0.6334	0.0000	2.9340	0.6318	0.3206	1.6786	0.6334	0.9809	0.3359	0.6334	0.0083	1.5404	0.6334
60.0000	0.7620	0.7215	0.6311	0.0000	2.9168	0.6308	0.3090	1.6654	0.6311	0.9800	0.3364	0.6311	0.0096	1.5383	0.6311
61.0000	0.7623	0.7235	0.6337	0.0000	2.9537	0.6328	0.3174	1.6670	0.6337	0.9811	0.3359	0.6337	0.0130	1.5357	0.6337
62.0000	0.7600	0.7229	0.6334	0.0000	2.9231	0.6333	0.3193	1.6624	0.6334	0.9801	0.3352	0.6334	0.0117	1.5404	0.6334
63.0000	0.7600	0.7223	0.6323	0.0000	2.9455	0.6319	0.3192	1.6673	0.6323	0.9796	0.3356	0.6323	0.0083	1.5269	0.6323
64.0000	0.7587	0.7229	0.6324	0.0000	2.8944	0.6321	0.3226	1.6582	0.6322	0.9804	0.3338	0.6324	0.0082	1.5414	0.6324
65.0000	0.7598	0.7220	0.6321	0.0000	2.9285	0.6320	0.3104	1.6578	0.6321	0.9800	0.3345	0.6321	0.0137	1.5324	0.6321
66.0000	0.7568	0.7217	0.6321	0.0000	2.9464	0.6311	0.3144	1.6567	0.6321	0.9789	0.3353	0.6321	0.0121	1.5208	0.6321
67.0000	0.7568	0.7228	0.6324	0.0000	2.9220	0.6318	0.3122	1.6547	0.6324	0.9813	0.3335	0.6324	0.0080	1.5301	0.6324
68.0000	0.7574	0.7232	0.6324	0.0000	2.8753	0.6322	0.3097	1.6677	0.6324	0.9822	0.3341	0.6324	0.0080	1.5290	0.6324
69.0000	0.7555	0.7231	0.6329	0.0000	2.9247	0.6323	0.3133	1.6497	0.6329	0.9813	0.3335	0.6329	0.0088	1.5305	0.6329
70.0000	0.7546	0.7229	0.6327	0.0000	2.9270	0.6320	0.3090	1.6660	0.6327	0.9806	0.3325	0.6327	0.0107	1.5268	0.6327
71.0000	0.7541	0.7238	0.6342	0.0000	2.9004	0.6332	0.3140	1.6573	0.6342	0.9818	0.3330	0.6342	0.0111	1.5181	0.6342
72.0000	0.7534	0.7234	0.6345	0.0000	2.8991	0.6339	0.3230	1.6414	0.6345	0.9796	0.3334	0.6345	0.0132	1.5178	0.6345
73.0000	0.7537	0.7222	0.6321	0.0000	2.8973	0.6314	0.3194	1.6521	0.6321	0.9799	0.3317	0.6321	0.0091	1.5179	0.6321
74.0000	0.7517	0.7238	0.6345	0.0000	2.8921	0.6339	0.3263	1.6402	0.6345	0.9805	0.3322	0.6345	0.0106	1.5181	0.6345
75.0000	0.7525	0.7229	0.6328	0.0000	2.8858	0.6326	0.3150	1.6465	0.6328	0.9809	0.3320	0.6328	0.0100	1.5214	0.6328
76.0000	0.7516	0.7237	0.6349	0.0000	2.9118	0.6330	0.3250	1.6362	0.6349	0.9798	0.3323	0.6349	0.0150	1.5116	0.6349
77.0000	0.7509	0.7239	0.6346	0.0000	2.8859	0.6328	0.3240	1.6335	0.6346	0.9810	0.3322	0.6346	0.0103	1.5121	0.6346
78.0000	0.7505	0.7232	0.6342	0.0000	2.9058	0.6327	0.3219	1.6312	0.6342	0.9799	0.3317	0.6342	0.0131	1.5196	0.6342
79.0000	0.7495	0.7236	0.6337	0.0000	2.9211	0.6327	0.3194	1.6284	0.6337	0.9809	0.3300	0.6337	0.0095	1.5200	0.6337
80.0000	0.7485	0.7239	0.6345	0.0000	2.8780	0.6340	0.3307	1.6277	0.6345	0.9805	0.3311	0.6345	0.0111	1.5087	0.6345
81.0000	0.7485	0.7237	0.6336	0.0000	2.8930	0.6327	0.3234	1.6337	0.6336	0.9811	0.3298	0.6336	0.0082	1.5205	0.6336
82.0000	0.7473	0.7238	0.6349	0.0000	2.8721	0.6352	0.3238	1.6153	0.6349	0.9803	0.3307	0.6349	0.0132	1.5070	0.6349
83.0000	0.7465	0.7242	0.6355	0.0000	2.8816	0.6346	0.3284	1.6169	0.6355	0.9807	0.3298	0.6355	0.0141	1.5101	0.6355
84.0000	0.7463	0.7240	0.6349	0.0000	2.8704	0.6346	0.3231	1.6299	0.6349	0.9804	0.3298	0.6349	0.0105	1.5101	0.6349
85.0000	0.7456	0.7236	0.6340	0.0000	2.8885	0.6334	0.3187	1.6265	0.6340	0.9807	0.3293	0.6340	0.0101	1.5080	0.6340
86.0000	0.7460	0.7238	0.6355	0.0000	2.8639	0.6352	0.3247	1.6134	0.6355	0.9799	0.3308	0.6355	0.0145	1.5061	0.6355
87.0000	0.7448	0.7249	0.6354	0.0000	2.8526	0.6354	0.3235	1.6449	0.6354	0.9821	0.3289	0.6354	0.0101	1.5045	0.6354
88.0000	0.7446	0.7245	0.6360	0.0000	2.8915	0.6353	0.3262	1.6302	0.6360	0.9803	0.3296	0.6360	0.0124	1.5017	0.6360
89.0000	0.7440	0.7244	0.6355	0.0000	2.8793	0.6338	0.3291	1.6214	0.6355	0.9806	0.3287	0.6355	0.0117	1.5061	0.6355
90.0000	0.7435	0.7241	0.6351	0.0000	2.8660	0.6348	0.3286	1.6036	0.6351	0.9808	0.3282	0.6351	0.0122	1.5058	0.6351
91.0000	0.7437	0.7237	0.6348	0.0000	2.8542	0.6332	0.3225	1.6209	0.6348	0.9802	0.3294	0.6348	0.0114	1.5000	0.6348
92.0000	0.7427	0.7239	0.6349	0.0000	2.8684	0.6342	0.3280	1.6124	0.6349	0.9803	0.3296	0.6349	0.0108	1.4991	0.6349
93.0000	0.7423	0.7247	0.6360	0.0000	2.8666	0.6358	0.3294	1.6235	0.6360	0.9809	0.3278	0.6360	0.0115	1.5025	0.6360
94.0000	0.7419	0.7240	0.6351	0.0000	2.9001	0.6341	0.3286	1.6092	0.6351	0.9800	0.3287	0.6351	0.0110	1.4998	0.6351
95.0000	0.7415	0.7240	0.6350	0.0000	2.8603	0.6343	0.3288	1.6080	0.6350	0.9807	0.3279	0.6350	0.0104	1.5048	0.6350
96.0000	0.7416	0.7243	0.6350	0.0000	2.8716	0.6343	0.3252	1.6209	0.6350	0.9811	0.3277	0.6350	0.0118	1.4974	0.6350
97.0000	0.7411	0.7245	0.6356	0.0000	2.8770	0.6350	0.3299	1.6077	0.6356	0.9806	0.3285	0.6356	0.0112	1.4957	0.6356
98.0000	0.7414	0.7244	0.6353	0.0000	2.8633	0.6342	0.3263	1.6144	0.6353	0.9811	0.3276	0.6353	0.0113	1.5013	0.6353
99.0000	0.7413	0.7244	0.6354	0.0000	2.8652	0.6352	0.3204	1.6283	0.6354	0.9807	0.3279	0.6354	0.0117	1.4995	0.6354
0.0000	0.8994	0.7033	0.0000	0.0275	0.7974	0.0000	0.0000	3.2495	0.0000	2.2744	1.0000	0.3608	0.0000	1.8379
1.0000	0.8799	0.7030	0.0000	0.0099	0.8154	0.0024	0.0000	3.2662	0.0003	2.2459	0.9994	0.3528	0.0014	1.7689
2.0000	0.8248	0.7103	0.0011	0.2018	0.8218	0.0095	0.0000	3.1459	0.1375	1.9519	0.9892	0.3498	0.0055	1.6444
3.0000	0.7976	0.7130	0.0054	0.2769	0.8143	0.0139	0.0000	3.0992	0.2027	1.8209	0.9833	0.3477	0.0083	1.5835
4.0000	0.7861	0.7156	0.0050	0.3224	0.8207	0.0489	0.0000	3.0421	0.2386	1.7670	0.9766	0.3493	0.0307	1.5398
5.0000	0.7820	0.7166	0.0074	0.3439	0.8106	0.0512	0.0000	3.0238	0.2552	1.7663	0.9755	0.3486	0.0313	1.5345
6.0000	0.7810	0.7153	0.0084	0.3294	0.8179	0.0452	0.0009	3.0595	0.2473	1.7668	0.9754	0.3475	0.0290	1.5323
7.0000	0.7795	0.7167	0.0064	0.3355	0.8205	0.0620	0.0005	3.0332	0.2534	1.7519	0.9739	0.3486	0.0400	1.5277
8.0000	0.7773	0.7183	0.0027	0.3456	0.8263	0.0550	0.0000	3.0408	0.2628	1.7378	0.9756	0.3463	0.0350	1.5269
9.0000	0.7787	0.7169	0.0038	0.3432	0.8235	0.0532	0.0000	3.0327	0.2605	1.7420	0.9739	0.3491	0.0340	1.5253
10.0000	0.7801	0.7166	0.0031	0.3415	0.8247	0.0549	0.0000	3.0437	0.2604	1.7411	0.9741	0.3481	0.0360	1.5299
11.0000	0.7773	0.7167	0.0065	0.3410	0.8152	0.0533	0.0000	3.0422	0.2552	1.7501	0.9743	0.3454	0.0347	1.5360
12.0000	0.7782	0.7163	0.0064	0.3492	0.8184	0.0532	0.0000	3.0533	0.2651	1.7255	0.9732	0.3473	0.0345	1.5271
13.0000	0.7802	0.7166	0.0085	0.3536	0.8059	0.0410	0.0000	3.0166	0.2599	1.7363	0.9760	0.3470	0.0255	1.5297
14.0000	0.7775	0.7160	0.0120	0.3427	0.8054	0.0540	0.0000	3.0911	0.2516	1.7326	0.9737	0.3476	0.0351	1.5240
15.0000	0.7762	0.7159	0.0105	0.3559	0.8113	0.0626	0.0000	3.0199	0.2716	1.7216	0.9704	0.3477	0.0406	1.5262
16.0000	0.7779	0.7163	0.0038	0.3523	0.8175	0.0463	0.0000	3.0390	0.2656	1.7276	0.9735	0.3465	0.0297	1.5416
17.0000	0.7787	0.7175	0.0064	0.3504	0.8192	0.0429	0.0000	3.0434	0.2650	1.7348	0.9768	0.3447	0.0264	1.5370
18.0000	0.7785	0.7182	0.0082	0.3567	0.8113	0.0301	0.0000	3.0307	0.2630	1.7479	0.9797	0.3444	0.0183	1.5374
19.0000	0.7776	0.7181	0.0036	0.3494	0.8260	0.0415	0.0000	3.0406	0.2646	1.7511	0.9774	0.3444	0.0259	1.5315
20.0000	0.7767	0.7191	0.0061	0.3660	0.8179	0.0353	0.0000	3.0226	0.2754	1.7368	0.9783	0.3449	0.0217	1.5275
21.0000	0.7777	0.7179	0.0096	0.3585	0.8132	0.0481	0.0000	3.0011	0.2657	1.7384	0.9759	0.3471	0.0316	1.5315
22.0000	0.7750	0.7174	0.0075	0.3591	0.8188	0.0545	0.0017	3.0128	0.2716	1.7214	0.9727	0.3465	0.0365	1.5266
23.0000	0.7732	0.7177	0.0021	0.3540	0.8261	0.0515	0.0000	3.0218	0.2687	1.7216	0.9745	0.3446	0.0330	1.5213
24.0000	0.7747	0.7186	0.0036	0.3642	0.8190	0.0467	0.0000	3.0452	0.2740	1.7115	0.9769	0.3457	0.0285	1.5248
25.0000	0.7770	0.7173	0.0075	0.3579	0.8147	0.0489	0.0000	3.0259	0.2691	1.7300	0.9747	0.3451	0.0323	1.5253
26.0000	0.7723	0.7197	0.0081	0.3570	0.8191	0.0549	0.0000	3.0185	0.2673	1.7238	0.9768	0.3446	0.0348	1.5226
27.0000	0.7748	0.7184	0.0041	0.3581	0.8217	0.0434	0.0000	3.0002	0.2690	1.7353	0.9765	0.3443	0.0283	1.5284
28.0000	0.7734	0.7190	0.0044	0.3532	0.8248	0.0520	0.0000	3.0039	0.2709	1.7330	0.9757	0.3447	0.0336	1.5219
29.0000	0.7766	0.7195	0.0059	0.3665	0.8223	0.0485	0.0000	3.0148	0.2770	1.7109	0.9775	0.3456	0.0301	1.5278
30.0000	0.7710	0.7194	0.0020	0.3664	0.8262	0.0542	0.0000	3.0145	0.2768	1.7072	0.9752	0.3435	0.0362	1.5238
31.0000	0.7713	0.7196	0.0025	0.3680	0.8244	0.0491	0.0000	3.0146	0.2796	1.7164	0.9768	0.3421	0.0300	1.5200
32.0000	0.7710	0.7182	0.0010	0.3660	0.8277	0.0639	0.0000	2.9951	0.2816	1.7060	0.9727	0.3446	0.0403	1.5175
33.0000	0.7726	0.7192	0.0083	0.3639	0.8156	0.0519	0.0000	2.9952	0.2735	1.7042	0.9765	0.3438	0.0335	1.5251
34.0000	0.7700	0.7201	0.0063	0.3706	0.8220	0.0593	0.0000	3.0014	0.2815	1.7002	0.9758	0.3436	0.0374	1.5108
35.0000	0.7703	0.7200	0.0069	0.3665	0.8186	0.2771	1.6942	0.9771	0.3433	0.0327	1.5149	0.0518	0.0000	3.0255
36.0000	0.7678	0.7182	0.0059	0.3686	0.8218	0.0497	0.0000	3.0115	0.2846	1.6907	0.9744	0.3411	0.0309	1.5193
37.0000	0.7692	0.7199	0.0040	0.3667	0.8241	0.0487	0.0000	3.0371	0.2779	1.7038	0.9770	0.3431	0.0296	1.5175
38.0000	0.7688	0.7188	0.0062	0.3662	0.8222	0.0546	0.0000	3.0110	0.2804	1.7064	0.9745	0.3426	0.0339	1.5114
39.0000	0.7682	0.7189	0.0040	0.3629	0.8227	0.0592	0.0000	2.9945	0.2729	1.7064	0.9744	0.3428	0.0380	1.5123
40.0000	0.7667	0.7191	0.0047	0.3630	0.8221	0.0649	0.0000	2.9739	0.2729	1.6937	0.9749	0.3419	0.0423	1.5075
41.0000	0.7668	0.7201	0.0043	0.3747	0.8248	0.0688	0.0000	2.9970	0.2878	1.6895	0.9741	0.3419	0.0427	1.5064
42.0000	0.7659	0.7206	0.0086	0.3802	0.8143	0.0600	0.0000	3.0161	0.2846	1.6937	0.9761	0.3417	0.0366	1.5054
43.0000	0.7660	0.7209	0.0069	0.3791	0.8196	0.0546	0.0000	2.9631	0.2865	1.6794	0.9771	0.3406	0.0328	1.5158
44.0000	0.7625	0.7205	0.0064	0.3787	0.8218	0.0505	0.0000	2.9755	0.2932	1.6807	0.9756	0.3414	0.0311	1.5097
45.0000	0.7639	0.7205	0.0037	0.3735	0.8251	0.0625	0.0000	3.0225	0.2861	1.6889	0.9743	0.3420	0.0388	1.5094
46.0000	0.7638	0.7209	0.0026	0.3749	0.8263	0.0690	0.0000	3.0008	0.2882	1.6697	0.9746	0.3412	0.0431	1.5003
47.0000	0.7632	0.7204	0.0094	0.3824	0.8156	0.0629	0.0000	3.0036	0.2915	1.6744	0.9742	0.3408	0.0395	1.5080
48.0000	0.7631	0.7198	0.0052	0.3732	0.8218	0.0501	0.0000	3.0300	0.2853	1.6740	0.9762	0.3402	0.0300	1.5080
49.0000	0.7613	0.7193	0.0087	0.3773	0.8131	0.0686	0.0000	2.9796	0.2815	1.6816	0.9725	0.3411	0.0425	1.5005
50.0000	0.7606	0.7213	0.0085	0.3815	0.8147	0.0707	0.0000	2.9733	0.2902	1.6714	0.9739	0.3387	0.0441	1.5050
51.0000	0.7610	0.7227	0.0152	0.3896	0.8107	0.0610	0.0000	2.9870	0.2910	1.6663	0.9773	0.3394	0.0363	1.5069
52.0000	0.7587	0.7221	0.0039	0.3910	0.8263	0.0647	0.0000	2.9786	0.3012	1.6779	0.9751	0.3384	0.0394	1.4957
53.0000	0.7575	0.7215	0.0092	0.3913	0.8199	0.0605	0.0000	2.9859	0.3002	1.6568	0.9746	0.3377	0.0370	1.4996
54.0000	0.7576	0.7218	0.0078	0.3846	0.8197	0.0680	0.0000	2.9636	0.2971	1.6642	0.9747	0.3373	0.0412	1.5045
55.0000	0.7565	0.7211	0.0067	0.3864	0.8200	0.2964	1.6651	0.9729	0.3382	0.0452	1.4959	0.0737	0.0000	2.9985
56.0000	0.7567	0.7200	0.0101	0.3818	0.8168	0.0662	0.0000	2.9877	0.2909	1.6548	0.9725	0.3382	0.0415	1.4945
57.0000	0.7567	0.7211	0.0076	0.3822	0.8197	0.0729	0.0000	2.9578	0.2929	1.6603	0.9736	0.3384	0.0450	1.4913
58.0000	0.7544	0.7218	0.0068	0.3867	0.8222	0.0776	0.0000	2.9571	0.2946	1.6536	0.9728	0.3375	0.0475	1.4973
59.0000	0.7558	0.7224	0.0061	0.3993	0.8235	0.0762	0.0000	2.9546	0.3074	1.6417	0.9744	0.3374	0.0464	1.4907
60.0000	0.7545	0.7233	0.0066	0.3979	0.8225	0.0803	0.0000	2.9665	0.3061	1.6455	0.9744	0.3364	0.0493	1.4954
61.0000	0.7551	0.7222	0.0107	0.4003	0.8151	0.0705	0.0000	3.0105	0.3089	1.6392	0.9742	0.3362	0.0427	1.4994
62.0000	0.7511	0.7222	0.0034	0.3888	0.8281	0.0699	0.0000	2.9326	0.2997	1.6427	0.9741	0.3355	0.0428	1.4882
63.0000	0.7511	0.7224	0.0051	0.3949	0.8270	0.0770	0.0000	2.9800	0.3081	1.6463	0.9721	0.3357	0.0480	1.4830
64.0000	0.7519	0.7244	0.0041	0.3989	0.8272	0.0826	0.0000	2.9665	0.3089	1.6480	0.9748	0.3351	0.0497	1.4907
65.0000	0.7510	0.7238	0.0116	0.4062	0.8149	0.0893	0.0000	2.9616	0.3091	1.6313	0.9733	0.3362	0.0548	1.4809
66.0000	0.7494	0.7248	0.0088	0.4171	0.8190	0.0890	0.0000	2.9472	0.3178	1.6202	0.9736	0.3344	0.0549	1.4892
67.0000	0.7469	0.7231	0.0122	0.4116	0.8139	0.0810	0.0000	2.9233	0.3122	1.6450	0.9729	0.3331	0.0490	1.4845
68.0000	0.7483	0.7231	0.0057	0.4043	0.8227	0.0806	0.0000	2.9471	0.3104	1.6182	0.9733	0.3343	0.0486	1.4859
69.0000	0.7471	0.7242	0.0083	0.4032	0.8207	0.0935	0.0000	2.9602	0.3119	1.6205	0.9731	0.3338	0.0563	1.4812
70.0000	0.7454	0.7231	0.0095	0.4140	0.8119	0.0821	0.0000	2.9452	0.3143	1.6273	0.9723	0.3331	0.0495	1.4788
71.0000	0.7455	0.7232	0.0075	0.4072	0.8178	0.0763	0.0000	2.9594	0.3086	1.6287	0.9740	0.3333	0.0452	1.4794
72.0000	0.7449	0.7252	0.0136	0.4245	0.8078	0.0915	0.0000	2.9205	0.3211	1.6232	0.9733	0.3325	0.0555	1.4767
73.0000	0.7446	0.7245	0.0092	0.4131	0.8180	0.0812	0.0000	2.8838	0.3159	1.6142	0.9741	0.3333	0.0492	1.4786
74.0000	0.7425	0.7248	0.0119	0.4162	0.8168	0.0865	0.0000	2.9155	0.3196	1.6011	0.9731	0.3323	0.0533	1.4728
75.0000	0.7424	0.7250	0.0033	0.4139	0.8299	0.0894	0.0000	2.9143	0.3238	1.6051	0.9733	0.3325	0.0532	1.4734
76.0000	0.7423	0.7249	0.0075	0.4107	0.8235	0.0854	0.0000	2.9446	0.3179	1.6269	0.9737	0.3318	0.0511	1.4756
77.0000	0.7412	0.7251	0.0079	0.4148	0.8240	0.0850	0.0000	2.9097	0.3218	1.6015	0.9732	0.3317	0.0516	1.4783
78.0000	0.7407	0.7249	0.0072	0.4156	0.8257	0.0877	0.0000	2.9376	0.3226	1.6092	0.9734	0.3308	0.0524	1.4730
79.0000	0.7403	0.7251	0.0052	0.4099	0.8271	0.0788	0.0000	2.9227	0.3184	1.6217	0.9747	0.3310	0.0460	1.4705
80.0000	0.7394	0.7250	0.0091	0.4293	0.8178	0.0851	0.0000	2.9460	0.3304	1.5928	0.9729	0.3315	0.0506	1.4676
81.0000	0.7386	0.7252	0.0100	0.4234	0.8214	0.0852	0.0000	2.9140	0.3267	1.6052	0.9723	0.3306	0.0518	1.4668
82.0000	0.7385	0.7246	0.0069	0.4137	0.8232	0.0852	0.0000	2.8844	0.3173	1.5979	0.9737	0.3301	0.0504	1.4730
83.0000	0.7372	0.7253	0.0098	0.4243	0.8196	0.3267	1.5823	0.9726	0.3314	0.0565	1.4588	0.0952	0.0000	2.9059
84.0000	0.7379	0.7257	0.0117	0.4253	0.8154	0.0861	0.0000	2.9051	0.3268	1.5895	0.9742	0.3301	0.0504	1.4684
85.0000	0.7375	0.7259	0.0112	0.4184	0.8216	0.0910	0.0000	2.9034	0.3228	1.6028	0.9733	0.3300	0.0555	1.4711
86.0000	0.7365	0.7251	0.0077	0.4258	0.8177	0.0901	0.0000	2.8889	0.3230	1.5893	0.9732	0.3303	0.0533	1.4658
87.0000	0.7352	0.7252	0.0066	0.4139	0.8266	0.0818	0.0000	2.8850	0.3208	1.5842	0.9739	0.3289	0.0489	1.4658
88.0000	0.7353	0.7260	0.0097	0.4228	0.8210	0.0853	0.0000	2.9066	0.3261	1.5894	0.9742	0.3287	0.0506	1.4684
89.0000	0.7343	0.7256	0.0010	0.4250	0.8340	0.0908	0.0000	2.9082	0.3348	1.5809	0.9722	0.3295	0.0534	1.4539
90.0000	0.7339	0.7252	0.0055	0.4216	0.8265	0.1013	0.0000	2.8856	0.3247	1.5737	0.9718	0.3293	0.0608	1.4583
91.0000	0.7337	0.7260	0.0142	0.4366	0.8101	0.0890	0.0000	2.9081	0.3298	1.5684	0.9734	0.3295	0.0524	1.4587
92.0000	0.7336	0.7265	0.0081	0.4251	0.8247	0.0940	0.0000	2.9077	0.3338	1.5754	0.9736	0.3283	0.0546	1.4579
93.0000	0.7327	0.7264	0.0064	0.4202	0.8266	0.0928	0.0000	2.8934	0.3254	1.5722	0.9744	0.3292	0.0538	1.4555
94.0000	0.7323	0.7258	0.0130	0.4369	0.8153	0.0957	0.0000	2.9001	0.3365	1.5674	0.9727	0.3273	0.0565	1.4594
95.0000	0.7322	0.7268	0.0054	0.4282	0.8289	0.0895	0.0000	2.9204	0.3364	1.5667	0.9738	0.3294	0.0524	1.4544
96.0000	0.7316	0.7265	0.0082	0.4237	0.8235	0.0967	0.0000	2.8832	0.3247	1.5900	0.9731	0.3286	0.0581	1.4509
97.0000	0.7313	0.7268	0.0042	0.4269	0.8289	0.0961	0.0000	2.9140	0.3325	1.5715	0.9729	0.3283	0.0562	1.4514
98.0000	0.7314	0.7266	0.0076	0.4270	0.8244	0.0932	0.0000	2.8597	0.3298	1.5870	0.9733	0.3279	0.0546	1.4592
99.0000	0.7312	0.7268	0.0037	0.4293	0.8288	0.0952	0.0000	2.9056	0.3363	1.5674	0.9725	0.3282	0.0561	1.4558
0.0000	0.8977	0.7013	0.0000	0.0157	0.8068	0.0005	0.0000	3.2491	0.0000	2.2639	0.9973	0.3635	0.0022	1.8191
0.0000	0.8878	0.6918	0.0000	0.0138	0.7938	0.0154	0.0000	3.1900	0.0003	2.1997	0.9776	0.3783	0.0269	1.7451
1.0000	0.8429	0.7030	0.0000	0.0486	0.8133	0.0319	0.0000	3.1190	0.0230	2.0855	0.9920	0.3583	0.0187	1.6408
2.0000	0.8205	0.7091	0.0027	0.2111	0.8174	0.0355	0.0000	3.0702	0.1458	1.9157	0.9833	0.3606	0.0217	1.5977
3.0000	0.8109	0.7125	0.0043	0.2565	0.8190	0.0452	0.0000	3.0610	0.1811	1.8844	0.9811	0.3586	0.0271	1.5746
4.0000	0.8062	0.7141	0.0104	0.2943	0.8054	0.0615	0.0000	3.0740	0.2014	1.8727	0.9779	0.3577	0.0377	1.5725
5.0000	0.8053	0.7171	0.0024	0.3192	0.8233	0.0572	0.0000	3.0892	0.2264	1.8699	0.9788	0.3563	0.0355	1.5634
6.0000	0.8055	0.7187	0.0106	0.3550	0.8108	0.0711	0.0000	3.0894	0.2501	1.8511	0.9762	0.3569	0.0451	1.5647
7.0000	0.8012	0.7178	0.0070	0.3411	0.8197	0.0796	0.0000	3.0738	0.2450	1.8444	0.9743	0.3553	0.0503	1.5573
8.0000	0.8007	0.7166	0.0055	0.3513	0.8176	0.0709	0.0000	3.0806	0.2526	1.8268	0.9731	0.3564	0.0454	1.5588
9.0000	0.8005	0.7169	0.0050	0.3511	0.8188	0.0794	0.0000	3.0641	0.2529	1.8469	0.9724	0.3570	0.0511	1.5465
10.0000	0.7967	0.7200	0.0091	0.3629	0.8162	0.0831	0.0000	3.0861	0.2613	1.8373	0.9749	0.3532	0.0521	1.5487
11.0000	0.7987	0.7182	0.0067	0.3471	0.8134	0.0856	0.0000	3.0724	0.2437	1.8545	0.9740	0.3530	0.0540	1.5490
12.0000	0.7979	0.7142	0.0053	0.3308	0.8128	0.1060	0.0000	3.0412	0.2357	1.8400	0.9661	0.3594	0.0695	1.5229
13.0000	0.7914	0.7137	0.0049	0.3186	0.8183	0.1062	0.0000	3.0265	0.2310	1.8304	0.9666	0.3555	0.0676	1.5173
14.0000	0.7890	0.7158	0.0041	0.3311	0.8207	0.1031	0.0000	3.0536	0.2394	1.8066	0.9693	0.3521	0.0663	1.5231
15.0000	0.7832	0.7173	0.0047	0.3492	0.8230	0.1047	0.0000	3.0169	0.2562	1.7885	0.9690	0.3500	0.0673	1.5171
16.0000	0.7877	0.7163	0.0105	0.3390	0.8062	0.1104	0.0000	3.0190	0.2407	1.8023	0.9680	0.3517	0.0702	1.5196
17.0000	0.7828	0.7185	0.0044	0.3413	0.8196	0.1143	0.0000	3.0178	0.2470	1.7761	0.9701	0.3498	0.0746	1.5120
18.0000	0.7861	0.7159	0.0031	0.3273	0.8215	0.1223	0.0000	3.0232	0.2400	1.8014	0.9667	0.3518	0.0796	1.5114
19.0000	0.7811	0.7163	0.0055	0.3374	0.8177	0.1041	0.0000	3.0162	0.2465	1.7858	0.9675	0.3492	0.0679	1.5177
20.0000	0.7865	0.7164	0.0047	0.3368	0.8153	0.1112	0.0000	3.0547	0.2443	1.8074	0.9681	0.3509	0.0704	1.5138
21.0000	0.7809	0.7175	0.0069	0.3422	0.8167	0.1088	0.0000	3.0127	0.2492	1.7809	0.9685	0.3486	0.0711	1.5196
22.0000	0.7819	0.7174	0.0054	0.3394	0.8196	0.1133	0.0000	3.0197	0.2454	1.7879	0.9682	0.3490	0.0761	1.5065
23.0000	0.7807	0.7159	0.0015	0.3323	0.8253	0.1092	0.0000	3.0322	0.2475	1.7852	0.9669	0.3496	0.0721	1.5103
24.0000	0.7792	0.7188	0.0050	0.3444	0.8211	0.1094	0.0000	3.0033	0.2526	1.7836	0.9700	0.3482	0.0705	1.5123
25.0000	0.7808	0.7164	0.0020	0.3410	0.8248	0.1139	0.0000	2.9965	0.2530	1.7771	0.9673	0.3487	0.0731	1.5073
26.0000	0.7791	0.7178	0.0092	0.3523	0.8110	0.1197	0.0000	2.9788	0.2509	1.7758	0.9677	0.3489	0.0788	1.4978
27.0000	0.7775	0.7172	0.0065	0.3383	0.8144	0.1211	0.0000	2.9569	0.2393	1.7769	0.9684	0.3454	0.0789	1.5079
28.0000	0.7805	0.7177	0.0034	0.3361	0.8238	0.1151	0.0000	2.9754	0.2466	1.7864	0.9685	0.3493	0.0760	1.5131
29.0000	0.7749	0.7186	0.0030	0.3345	0.8270	0.1069	0.0000	2.9894	0.2443	1.7852	0.9705	0.3445	0.0692	1.5104
30.0000	0.7787	0.7169	0.0081	0.3416	0.8163	0.1057	0.0000	2.9942	0.2500	1.7761	0.9686	0.3457	0.0685	1.5139
31.0000	0.7790	0.7185	0.0067	0.3521	0.8180	0.1050	0.0000	3.0008	0.2544	1.7754	0.9700	0.3473	0.0701	1.5136
32.0000	0.7772	0.7180	0.0068	0.3509	0.8152	0.0964	0.0000	3.0190	0.2535	1.7697	0.9706	0.3438	0.0639	1.5158
33.0000	0.7761	0.7183	0.0084	0.3376	0.8210	0.1030	0.0014	2.9845	0.2434	1.7936	0.9701	0.3436	0.0685	1.5188
34.0000	0.7732	0.7177	0.0087	0.3500	0.8132	0.1163	0.0000	2.9671	0.2501	1.7620	0.9686	0.3435	0.0748	1.5006
35.0000	0.7729	0.7185	0.0076	0.3520	0.8165	0.1105	0.0000	2.9821	0.2541	1.7609	0.9690	0.3435	0.0731	1.5058
36.0000	0.7736	0.7189	0.0069	0.3576	0.8196	0.1139	0.0000	2.9538	0.2636	1.7622	0.9684	0.3445	0.0729	1.5110
37.0000	0.7742	0.7168	0.0053	0.3357	0.8227	0.1118	0.0000	2.9607	0.2500	1.7633	0.9670	0.3437	0.0728	1.5124
38.0000	0.7721	0.7186	0.0022	0.3388	0.8275	0.1239	0.0000	2.9811	0.2511	1.7519	0.9682	0.3443	0.0812	1.5108
39.0000	0.7718	0.7194	0.0080	0.3541	0.8196	0.1238	0.0000	2.9552	0.2608	1.7631	0.9677	0.3433	0.0810	1.5073
40.0000	0.7709	0.7186	0.0058	0.3489	0.8225	0.1365	0.0000	2.9516	0.2595	1.7526	0.9649	0.3430	0.0925	1.4975
41.0000	0.7689	0.7190	0.0022	0.3344	0.8234	0.1301	0.0000	2.9706	0.2474	1.7693	0.9672	0.3425	0.0842	1.5059
42.0000	0.7685	0.7201	0.0077	0.3504	0.8181	0.1302	0.0000	2.9642	0.2569	1.7479	0.9678	0.3417	0.0855	1.5062
43.0000	0.7678	0.7183	0.0076	0.3596	0.8123	0.1188	0.0000	2.9758	0.2633	1.7440	0.9663	0.3418	0.0770	1.4972
44.0000	0.7678	0.7192	0.0056	0.3517	0.8203	0.1161	0.0000	2.9342	0.2610	1.7507	0.9687	0.3403	0.0740	1.5060
45.0000	0.7665	0.7201	0.0082	0.3680	0.8184	0.2713	1.7388	0.9657	0.3418	0.0861	1.5006	0.1310	0.0000	2.9444
46.0000	0.7655	0.7204	0.0027	0.3636	0.8223	0.1225	0.0000	2.9415	0.2702	1.7311	0.9679	0.3406	0.0795	1.5024
47.0000	0.7639	0.7200	0.0046	0.3667	0.8235	0.1355	0.0000	2.9426	0.2743	1.7279	0.9651	0.3415	0.0892	1.4848
48.0000	0.7635	0.7205	0.0083	0.3654	0.8165	0.1278	0.0000	2.9558	0.2695	1.7141	0.9675	0.3402	0.0836	1.4934
49.0000	0.7639	0.7205	0.0080	0.3625	0.8166	0.1241	0.0000	2.9469	0.2671	1.7289	0.9686	0.3399	0.0781	1.4953
50.0000	0.7622	0.7196	0.0033	0.3611	0.8263	0.1195	0.0000	2.9610	0.2721	1.7244	0.9674	0.3391	0.0771	1.4948
51.0000	0.7602	0.7199	0.0108	0.3693	0.8110	0.1413	0.0000	2.9636	0.2698	1.7170	0.9642	0.3396	0.0919	1.4847
52.0000	0.7633	0.7205	0.0126	0.3669	0.8154	0.1318	0.0000	2.9662	0.2704	1.7082	0.9677	0.3393	0.0878	1.4844
53.0000	0.7598	0.7212	0.0065	0.3729	0.8212	0.1218	0.0000	2.9439	0.2765	1.7025	0.9686	0.3370	0.0790	1.4987
54.0000	0.7606	0.7223	0.0105	0.3764	0.8147	0.1417	0.0000	2.9509	0.2766	1.7176	0.9676	0.3378	0.0926	1.4824
55.0000	0.7578	0.7216	0.0070	0.3725	0.8169	0.1287	0.0000	2.9312	0.2777	1.7015	0.9681	0.3367	0.0819	1.4924
56.0000	0.7576	0.7240	0.0063	0.3715	0.8223	0.1434	0.0000	2.9479	0.2794	1.6914	0.9699	0.3370	0.0909	1.4881
57.0000	0.7576	0.7216	0.0107	0.3778	0.8148	0.1317	0.0000	2.9323	0.2780	1.6916	0.9684	0.3367	0.0841	1.4854
58.0000	0.7575	0.7223	0.0017	0.3705	0.8295	0.1373	0.0000	2.9558	0.2809	1.6991	0.9678	0.3365	0.0870	1.4805
59.0000	0.7554	0.7232	0.0040	0.3672	0.8262	0.1460	0.0000	2.9337	0.2772	1.7008	0.9676	0.3364	0.0942	1.4810
60.0000	0.7541	0.7227	0.0053	0.3685	0.8242	0.1435	0.0000	2.9165	0.2760	1.6982	0.9678	0.3349	0.0907	1.4791
61.0000	0.7547	0.7233	0.0066	0.3708	0.8259	0.1365	0.0000	2.9753	0.2762	1.6942	0.9697	0.3342	0.0881	1.4786
62.0000	0.7542	0.7230	0.0133	0.3874	0.8107	0.1370	0.0000	2.9535	0.2834	1.6851	0.9682	0.3353	0.0875	1.4783
63.0000	0.7534	0.7221	0.0084	0.3769	0.8202	0.1345	0.0000	2.9180	0.2800	1.6895	0.9688	0.3341	0.0850	1.4752
64.0000	0.7516	0.7231	0.0056	0.3701	0.8214	0.1411	0.0000	2.9077	0.2723	1.7007	0.9684	0.3343	0.0904	1.4685
65.0000	0.7524	0.7226	0.0049	0.3710	0.8234	0.1441	0.0000	2.9597	0.2804	1.6747	0.9674	0.3339	0.0921	1.4782
66.0000	0.7503	0.7227	0.0059	0.3850	0.8195	0.1450	0.0000	2.9549	0.2835	1.6810	0.9668	0.3338	0.0938	1.4714
67.0000	0.7497	0.7238	0.0070	0.3856	0.8193	0.1473	0.0000	2.9217	0.2846	1.6784	0.9678	0.3329	0.0943	1.4679
68.0000	0.7486	0.7227	0.0019	0.3669	0.8299	0.1480	0.0000	2.9162	0.2750	1.6839	0.9668	0.3348	0.0944	1.4638
69.0000	0.7489	0.7227	0.0081	0.3802	0.8167	0.1407	0.0000	2.8938	0.2793	1.6796	0.9677	0.3327	0.0890	1.4711
70.0000	0.7480	0.7250	0.0083	0.3834	0.8237	0.1521	0.0000	2.8989	0.2889	1.6794	0.9681	0.3331	0.0957	1.4601
71.0000	0.7469	0.7241	0.0162	0.3959	0.8039	0.1608	0.0000	2.9010	0.2858	1.6764	0.9660	0.3325	0.1021	1.4574
72.0000	0.7471	0.7241	0.0056	0.3816	0.8234	0.1463	0.0000	2.9390	0.2839	1.6688	0.9684	0.3322	0.0923	1.4602
73.0000	0.7465	0.7230	0.0108	0.3852	0.8153	0.1440	0.0000	2.9338	0.2862	1.6572	0.9672	0.3316	0.0918	1.4690
74.0000	0.7453	0.7241	0.0058	0.3814	0.8258	0.1549	0.0000	2.9258	0.2865	1.6745	0.9665	0.3311	0.0996	1.4647
75.0000	0.7454	0.7236	0.0068	0.3800	0.8222	0.1439	0.0000	2.9223	0.2811	1.6722	0.9684	0.3315	0.0911	1.4620
76.0000	0.7443	0.7246	0.0093	0.3822	0.8202	0.1601	0.0000	2.9275	0.2856	1.6603	0.9665	0.3318	0.1019	1.4626
77.0000	0.7433	0.7241	0.0089	0.3898	0.8203	0.1539	0.0000	2.9305	0.2923	1.6660	0.9659	0.3317	0.0987	1.4525
78.0000	0.7437	0.7247	0.0066	0.3887	0.8226	0.1583	0.0000	2.9055	0.2899	1.6582	0.9665	0.3314	0.1004	1.4563
79.0000	0.7434	0.7257	0.0049	0.3846	0.8301	0.1383	0.0000	2.9337	0.2934	1.6605	0.9708	0.3285	0.0856	1.4647
80.0000	0.7425	0.7247	0.0072	0.3912	0.8198	0.1508	0.0000	2.9122	0.2924	1.6596	0.9672	0.3304	0.0947	1.4574
81.0000	0.7415	0.7241	0.0063	0.3784	0.8264	0.1585	0.0000	2.9145	0.2837	1.6518	0.9659	0.3302	0.1030	1.4540
82.0000	0.7401	0.7256	0.0089	0.3911	0.8221	0.1502	0.0000	2.9204	0.2953	1.6469	0.9684	0.3291	0.0929	1.4525
83.0000	0.7398	0.7247	0.0100	0.3905	0.8178	0.1552	0.0000	2.9156	0.2940	1.6595	0.9659	0.3287	0.0993	1.4567
84.0000	0.7395	0.7259	0.0091	0.3950	0.8247	0.1657	0.0000	2.8868	0.2998	1.6412	0.9663	0.3298	0.1044	1.4505
85.0000	0.7389	0.7258	0.0090	0.3914	0.8211	0.1631	0.0000	2.9036	0.2934	1.6448	0.9672	0.3285	0.1032	1.4492
86.0000	0.7382	0.7256	0.0034	0.3924	0.8299	0.1583	0.0000	2.8883	0.2977	1.6382	0.9673	0.3278	0.0996	1.4561
87.0000	0.7376	0.7263	0.0022	0.3950	0.8296	0.1633	0.0000	2.9045	0.2973	1.6383	0.9670	0.3278	0.1027	1.4524
88.0000	0.7379	0.7254	0.0041	0.3954	0.8305	0.1519	0.0000	2.9220	0.3045	1.6363	0.9668	0.3287	0.0954	1.4519
89.0000	0.7367	0.7262	0.0083	0.3982	0.8209	0.1577	0.0000	2.9120	0.2987	1.6384	0.9678	0.3273	0.0997	1.4502
90.0000	0.7363	0.7265	0.0073	0.3979	0.8228	0.1677	0.0000	2.8938	0.2986	1.6371	0.9665	0.3278	0.1066	1.4535
91.0000	0.7361	0.7272	0.0077	0.4016	0.8251	0.1668	0.0000	2.8938	0.3035	1.6359	0.9674	0.3261	0.1042	1.4485
92.0000	0.7357	0.7264	0.0076	0.4088	0.8192	0.1627	0.0000	2.8961	0.3082	1.6305	0.9670	0.3278	0.1009	1.4488
93.0000	0.7354	0.7263	0.0064	0.3972	0.8237	0.1599	0.0000	2.8797	0.3000	1.6349	0.9668	0.3274	0.0993	1.4499
94.0000	0.7348	0.7259	0.0060	0.4003	0.8251	0.1606	0.0000	2.8844	0.3027	1.6276	0.9670	0.3268	0.0994	1.4476
95.0000	0.7350	0.7265	0.0044	0.3946	0.8267	0.1649	0.0000	2.8843	0.2969	1.6301	0.9675	0.3263	0.1045	1.4505
96.0000	0.7343	0.7269	0.0111	0.4036	0.8186	0.1699	0.0000	2.9057	0.3009	1.6387	0.9665	0.3274	0.1067	1.4389
97.0000	0.7344	0.7267	0.0102	0.4079	0.8177	0.1681	0.0000	2.8800	0.3045	1.6319	0.9667	0.3258	0.1056	1.4528
98.0000	0.7342	0.7266	0.0044	0.4048	0.8261	0.1642	0.0000	2.8930	0.3043	1.6243	0.9666	0.3271	0.1035	1.4431
99.0000	0.7340	0.7266	0.0031	0.3954	0.8306	0.1597	0.0000	2.8861	0.3015	1.6227	0.9677	0.3251	0.0993	1.4546
0.0000	0.9014	0.7031	0.0000	0.0252	0.7995	0.0000	0.0000	3.2694	0.0000	2.2679	1.0000	0.3630	0.0000	1.8388
1.0000	0.8700	0.7068	0.0000	0.0718	0.8224	0.0000	0.0000	3.2252	0.0468	2.1498	0.9983	0.3495	0.0000	1.8005
2.0000	0.8260	0.7162	0.0007	0.2686	0.8308	0.0000	0.0000	3.1408	0.1891	1.9109	0.9918	0.3423	0.0000	1.7198
3.0000	0.8214	0.7168	0.0022	0.2907	0.8236	0.0003	0.0000	3.1234	0.2022	1.8917	0.9898	0.3456	0.0002	1.6956
4.0000	0.8163	0.7185	0.0029	0.3101	0.8225	0.0037	0.0000	3.1111	0.2183	1.8779	0.9893	0.3432	0.0020	1.6919
5.0000	0.8123	0.7190	0.0046	0.3269	0.8227	0.0120	0.0000	3.1302	0.2346	1.8506	0.9876	0.3443	0.0072	1.6572
6.0000	0.8103	0.7175	0.0042	0.3216	0.8220	0.0175	0.0000	3.1306	0.2356	1.8494	0.9843	0.3450	0.0100	1.6485
7.0000	0.8097	0.7166	0.0076	0.3261	0.8184	0.0168	0.0000	3.1241	0.2389	1.8295	0.9835	0.3464	0.0095	1.6417
8.0000	0.8066	0.7189	0.0070	0.3410	0.8161	0.0193	0.0000	3.1050	0.2447	1.8344	0.9846	0.3459	0.0116	1.6298
9.0000	0.8043	0.7169	0.0039	0.3240	0.8234	0.0360	0.0000	3.1049	0.2430	1.8293	0.9798	0.3491	0.0215	1.6002
10.0000	0.7958	0.7176	0.0041	0.3374	0.8236	0.0501	0.0000	3.0972	0.2553	1.8025	0.9764	0.3461	0.0311	1.5851
11.0000	0.7930	0.7182	0.0021	0.3510	0.8237	0.0543	0.0000	3.1154	0.2630	1.7846	0.9768	0.3459	0.0325	1.5727
12.0000	0.7911	0.7164	0.0092	0.3416	0.8130	0.0796	0.0000	3.0857	0.2558	1.7697	0.9717	0.3464	0.0497	1.5696
13.0000	0.7909	0.7190	0.0065	0.3586	0.8181	0.0692	0.0000	3.0946	0.2679	1.7792	0.9749	0.3455	0.0435	1.5659
14.0000	0.7926	0.7169	0.0044	0.3486	0.8215	0.0710	0.0000	3.1205	0.2604	1.7810	0.9723	0.3495	0.0451	1.5566
15.0000	0.7923	0.7174	0.0058	0.3487	0.8154	0.2562	1.7820	0.9717	0.3480	0.0512	1.5615	0.0801	0.0000	3.0977
16.0000	0.7889	0.7191	0.0021	0.3569	0.8228	0.0926	0.0000	3.1207	0.2641	1.7788	0.9725	0.3464	0.0573	1.5522
17.0000	0.7898	0.7185	0.0053	0.3555	0.8182	0.0802	0.0000	3.0833	0.2662	1.7852	0.9722	0.3461	0.0502	1.5614
18.0000	0.7905	0.7167	0.0029	0.3553	0.8212	0.0731	0.0000	3.0892	0.2670	1.7710	0.9715	0.3471	0.0462	1.5609
19.0000	0.7893	0.7191	0.0038	0.3537	0.8242	0.0816	0.0000	3.0677	0.2654	1.7815	0.9727	0.3460	0.0514	1.5650
20.0000	0.7883	0.7183	0.0047	0.3478	0.8187	0.0931	0.0000	3.0807	0.2550	1.7714	0.9715	0.3458	0.0590	1.5576
21.0000	0.7896	0.7169	0.0059	0.3505	0.8146	0.0733	0.0000	3.0718	0.2584	1.7801	0.9722	0.3460	0.0449	1.5556
22.0000	0.7886	0.7169	0.0101	0.3518	0.8117	0.0683	0.0000	3.0740	0.2533	1.7830	0.9731	0.3453	0.0433	1.5590
23.0000	0.7871	0.7182	0.0083	0.3594	0.8145	0.0768	0.0000	3.0532	0.2677	1.7714	0.9719	0.3455	0.0484	1.5562
24.0000	0.7863	0.7193	0.0081	0.3677	0.8166	0.0791	0.0000	3.1071	0.2694	1.7687	0.9731	0.3448	0.0500	1.5555
25.0000	0.7846	0.7190	0.0055	0.3644	0.8202	0.0753	0.0000	3.0436	0.2698	1.7578	0.9733	0.3436	0.0482	1.5626
26.0000	0.7846	0.7212	0.0070	0.3637	0.8241	0.0829	0.0000	3.0724	0.2726	1.7690	0.9744	0.3440	0.0527	1.5569
27.0000	0.7861	0.7202	0.0044	0.3585	0.8248	0.0837	0.0000	3.1032	0.2692	1.7563	0.9745	0.3450	0.0516	1.5531
28.0000	0.7846	0.7187	0.0084	0.3673	0.8121	0.0743	0.0000	3.0657	0.2694	1.7592	0.9733	0.3442	0.0464	1.5522
29.0000	0.7846	0.7190	0.0062	0.3611	0.8181	0.0766	0.0000	3.0363	0.2695	1.7562	0.9732	0.3453	0.0478	1.5564
30.0000	0.7828	0.7209	0.0044	0.3643	0.8276	0.0873	0.0000	3.0908	0.2789	1.7505	0.9736	0.3426	0.0545	1.5536
31.0000	0.7829	0.7192	0.0049	0.3720	0.8199	0.0763	0.0000	3.0765	0.2778	1.7505	0.9718	0.3438	0.0479	1.5605
32.0000	0.7832	0.7210	0.0107	0.3812	0.8118	0.0820	0.0000	3.1009	0.2813	1.7484	0.9742	0.3436	0.0521	1.5469
33.0000	0.7832	0.7203	0.0040	0.3788	0.8229	0.0814	0.0000	3.0605	0.2844	1.7489	0.9727	0.3425	0.0513	1.5562
34.0000	0.7814	0.7207	0.0041	0.3743	0.8256	0.0767	0.0000	3.0728	0.2820	1.7390	0.9744	0.3425	0.0469	1.5545
35.0000	0.7805	0.7207	0.0040	0.3740	0.8243	0.0839	0.0000	3.0366	0.2769	1.7447	0.9737	0.3417	0.0545	1.5481
36.0000	0.7809	0.7187	0.0101	0.3732	0.8169	0.0713	0.0000	3.0920	0.2776	1.7530	0.9720	0.3432	0.0449	1.5492
37.0000	0.7807	0.7206	0.0063	0.3754	0.8194	0.0714	0.0000	3.0476	0.2794	1.7490	0.9752	0.3396	0.0446	1.5562
38.0000	0.7806	0.7202	0.0062	0.3807	0.8176	0.0864	0.0000	3.0477	0.2842	1.7408	0.9718	0.3437	0.0547	1.5502
39.0000	0.7793	0.7218	0.0076	0.3843	0.8177	0.0784	0.0000	3.0525	0.2855	1.7373	0.9751	0.3399	0.0482	1.5508
40.0000	0.7782	0.7201	0.0059	0.3822	0.8151	0.0713	0.0000	3.0433	0.2839	1.7436	0.9738	0.3404	0.0437	1.5540
41.0000	0.7791	0.7216	0.0110	0.3864	0.8099	0.0802	0.0000	3.0861	0.2832	1.7380	0.9745	0.3407	0.0506	1.5464
42.0000	0.7788	0.7217	0.0048	0.3755	0.8248	0.0730	0.0000	3.0801	0.2817	1.7409	0.9761	0.3401	0.0449	1.5486
43.0000	0.7773	0.7222	0.0043	0.3760	0.8294	0.0758	0.0000	3.0595	0.2852	1.7368	0.9762	0.3391	0.0469	1.5405
44.0000	0.7777	0.7210	0.0046	0.3755	0.8258	0.0800	0.0000	3.0599	0.2860	1.7194	0.9741	0.3396	0.0497	1.5504
45.0000	0.7750	0.7224	0.0085	0.3865	0.8190	0.0847	0.0000	3.0727	0.2925	1.7283	0.9742	0.3385	0.0526	1.5395
46.0000	0.7750	0.7226	0.0085	0.3869	0.8199	0.0888	0.0000	3.0998	0.2891	1.7282	0.9739	0.3395	0.0548	1.5421
47.0000	0.7736	0.7223	0.0106	0.3879	0.8116	0.0819	0.0000	3.0565	0.2866	1.7134	0.9746	0.3376	0.0508	1.5435
48.0000	0.7733	0.7217	0.0047	0.3858	0.8244	0.0839	0.0000	3.0695	0.2925	1.7211	0.9729	0.3382	0.0528	1.5379
49.0000	0.7731	0.7220	0.0035	0.3819	0.8279	0.0819	0.0000	3.0332	0.2916	1.7112	0.9747	0.3379	0.0501	1.5416
50.0000	0.7727	0.7229	0.0136	0.4021	0.8048	0.0815	0.0000	3.0381	0.2944	1.7312	0.9742	0.3376	0.0508	1.5421
51.0000	0.7739	0.7235	0.0047	0.3919	0.8233	0.0854	0.0000	3.0531	0.2935	1.7293	0.9741	0.3382	0.0543	1.5474
52.0000	0.7723	0.7222	0.0036	0.3939	0.8243	0.0767	0.0000	3.0483	0.2963	1.7130	0.9746	0.3369	0.0476	1.5442
53.0000	0.7714	0.7236	0.0094	0.3986	0.8198	0.0857	0.0000	3.0418	0.3047	1.7214	0.9737	0.3372	0.0521	1.5400
54.0000	0.7708	0.7227	0.0037	0.3962	0.8259	0.0774	0.0000	3.0366	0.3007	1.7077	0.9743	0.3366	0.0474	1.5391
55.0000	0.7690	0.7216	0.0033	0.3880	0.8287	0.0760	0.0000	3.0305	0.2956	1.7084	0.9736	0.3366	0.0463	1.5318
56.0000	0.7681	0.7226	0.0085	0.3997	0.8190	0.0893	0.0000	3.0425	0.3004	1.6999	0.9729	0.3360	0.0549	1.5337
57.0000	0.7690	0.7222	0.0074	0.3957	0.8173	0.0810	0.0000	3.0414	0.2964	1.7129	0.9732	0.3359	0.0495	1.5346
58.0000	0.7666	0.7241	0.0072	0.3994	0.8184	0.0819	0.0000	3.0539	0.2969	1.7028	0.9754	0.3357	0.0493	1.5342
59.0000	0.7682	0.7235	0.0045	0.4001	0.8303	0.0764	0.0000	3.0327	0.3087	1.7028	0.9752	0.3351	0.0467	1.5337
60.0000	0.7677	0.7229	0.0095	0.4047	0.8136	0.0847	0.0000	3.0507	0.3043	1.6907	0.9732	0.3359	0.0516	1.5307
61.0000	0.7654	0.7242	0.0053	0.3956	0.8255	0.0753	0.0000	3.0344	0.3016	1.6923	0.9765	0.3335	0.0449	1.5420
62.0000	0.7657	0.7239	0.0059	0.3997	0.8231	0.0807	0.0000	3.0344	0.3039	1.7027	0.9747	0.3349	0.0493	1.5266
63.0000	0.7649	0.7241	0.0083	0.4124	0.8212	0.0811	0.0000	3.0420	0.3140	1.6895	0.9748	0.3339	0.0491	1.5256
64.0000	0.7648	0.7252	0.0093	0.4116	0.8211	0.0806	0.0000	3.0222	0.3108	1.6937	0.9749	0.3351	0.0501	1.5306
65.0000	0.7614	0.7248	0.0059	0.4106	0.8284	0.0814	0.0000	3.0528	0.3152	1.6951	0.9741	0.3325	0.0502	1.5274
66.0000	0.7633	0.7245	0.0089	0.4072	0.8201	0.0802	0.0000	3.0356	0.3070	1.6774	0.9750	0.3335	0.0492	1.5325
67.0000	0.7629	0.7244	0.0113	0.4159	0.8153	0.0869	0.0000	3.0311	0.3140	1.6825	0.9734	0.3333	0.0535	1.5219
68.0000	0.7616	0.7253	0.0065	0.4133	0.8235	0.0807	0.0000	2.9958	0.3141	1.6893	0.9756	0.3320	0.0481	1.5247
69.0000	0.7613	0.7253	0.0169	0.4161	0.8097	0.0907	0.0000	3.0039	0.3130	1.6827	0.9743	0.3335	0.0551	1.5199
70.0000	0.7603	0.7252	0.0076	0.4106	0.8244	0.0919	0.0000	3.0283	0.3169	1.6778	0.9738	0.3323	0.0566	1.5225
71.0000	0.7598	0.7254	0.0070	0.4184	0.8246	0.0714	0.0000	3.0178	0.3197	1.6737	0.9765	0.3306	0.0428	1.5204
72.0000	0.7590	0.7257	0.0058	0.4135	0.8259	0.0880	0.0000	3.0083	0.3151	1.6644	0.9750	0.3317	0.0534	1.5198
73.0000	0.7577	0.7254	0.0077	0.4240	0.8207	0.0855	0.0000	3.0075	0.3219	1.6709	0.9740	0.3305	0.0515	1.5174
74.0000	0.7584	0.7261	0.0049	0.4111	0.8297	0.0869	0.0000	3.0054	0.3150	1.6788	0.9754	0.3310	0.0531	1.5152
75.0000	0.7570	0.7244	0.0035	0.4062	0.8290	0.0884	0.0000	3.0212	0.3111	1.6755	0.9735	0.3312	0.0530	1.5171
76.0000	0.7566	0.7261	0.0071	0.4215	0.8277	0.0811	0.0000	3.0112	0.3246	1.6735	0.9757	0.3293	0.0491	1.5215
77.0000	0.7567	0.7263	0.0128	0.4304	0.8172	0.0920	0.0000	2.9947	0.3247	1.6618	0.9738	0.3318	0.0572	1.5096
78.0000	0.7547	0.7267	0.0101	0.4204	0.8209	0.0872	0.0000	2.9983	0.3198	1.6718	0.9752	0.3286	0.0518	1.5168
79.0000	0.7553	0.7256	0.0059	0.4176	0.8266	0.0951	0.0000	3.0172	0.3224	1.6581	0.9734	0.3298	0.0575	1.5125
80.0000	0.7545	0.7263	0.0024	0.4194	0.8304	0.0866	0.0000	2.9688	0.3254	1.6534	0.9752	0.3296	0.0510	1.5089
81.0000	0.7537	0.7269	0.0131	0.4288	0.8202	0.0846	0.0000	2.9996	0.3286	1.6641	0.9748	0.3290	0.0510	1.5089
82.0000	0.7530	0.7261	0.0092	0.4237	0.8204	0.0947	0.0000	2.9926	0.3235	1.6516	0.9740	0.3289	0.0564	1.5135
83.0000	0.7521	0.7270	0.0093	0.4316	0.8227	0.0873	0.0000	3.0209	0.3309	1.6466	0.9751	0.3292	0.0528	1.5068
84.0000	0.7527	0.7267	0.0045	0.4256	0.8291	0.0921	0.0000	2.9907	0.3320	1.6443	0.9747	0.3279	0.0543	1.5078
85.0000	0.7522	0.7265	0.0048	0.4182	0.8267	0.0935	0.0000	2.9869	0.3210	1.6638	0.9740	0.3283	0.0554	1.5138
86.0000	0.7507	0.7272	0.0045	0.4265	0.8289	0.0894	0.0000	2.9717	0.3321	1.6474	0.9745	0.3279	0.0532	1.5112
87.0000	0.7506	0.7276	0.0052	0.4294	0.8281	0.0955	0.0000	2.9660	0.3296	1.6479	0.9749	0.3274	0.0572	1.5080
88.0000	0.7500	0.7275	0.0085	0.4353	0.8232	0.0926	0.0000	2.9575	0.3357	1.6400	0.9743	0.3287	0.0548	1.5052
89.0000	0.7498	0.7270	0.0027	0.4210	0.8289	0.0877	0.0000	2.9833	0.3244	1.6441	0.9751	0.3271	0.0520	1.5059
90.0000	0.7497	0.7277	0.0081	0.4304	0.8283	0.0902	0.0000	2.9792	0.3338	1.6349	0.9747	0.3269	0.0540	1.5109
91.0000	0.7488	0.7271	0.0040	0.4341	0.8280	0.0939	0.0000	2.9723	0.3362	1.6359	0.9741	0.3266	0.0561	1.5044
92.0000	0.7490	0.7274	0.0067	0.4352	0.8268	0.0897	0.0000	2.9895	0.3393	1.6394	0.9745	0.3279	0.0526	1.5070
93.0000	0.7483	0.7272	0.0053	0.4354	0.8265	0.0941	0.0000	3.0114	0.3394	1.6230	0.9736	0.3273	0.0554	1.4976
94.0000	0.7482	0.7279	0.0134	0.4423	0.8143	0.0897	0.0000	2.9648	0.3373	1.6355	0.9754	0.3263	0.0531	1.5027
95.0000	0.7476	0.7273	0.0073	0.4360	0.8249	0.0971	0.0000	2.9561	0.3381	1.6373	0.9739	0.3273	0.0571	1.4974
96.0000	0.7470	0.7282	0.0104	0.4430	0.8225	0.0902	0.0000	2.9704	0.3426	1.6290	0.9747	0.3263	0.0538	1.5045
97.0000	0.7472	0.7279	0.0064	0.4302	0.8257	0.0937	0.0000	2.9745	0.3341	1.6307	0.9754	0.3241	0.0552	1.5051
98.0000	0.7470	0.7276	0.0073	0.4358	0.8233	0.0940	0.0000	2.9824	0.3380	1.6278	0.9736	0.3283	0.0557	1.4954
99.0000	0.7469	0.7279	0.0044	0.4318	0.8294	0.0946	0.0000	2.9897	0.3379	1.6395	0.9742	0.3264	0.0557	1.4988
