current_epoch	train_loss	train_acc	train_f_score_hateful	train_f_score_abusive	train_f_score_normal	train_f_score_spam	train_acc_class_hateful	train_loss_class_hateful	train_acc_class_abusive	train_loss_class_abusive	train_acc_class_normal	train_loss_class_normal	train_acc_class_spam	train_loss_class_spam
0.0000	0.6977	0.7397	0.0475	0.5374	0.8110	0.3368	0.0164	2.9321	0.4897	1.3465	0.9198	0.3084	0.2875	1.4284
0.0000	0.6979	0.7380	0.0465	0.5256	0.8174	0.3304	0.4802	1.3472	0.9194	0.3090	0.2863	1.4240	0.0193	2.9224
1.0000	0.6002	0.7751	0.1186	0.6661	0.8425	0.4386	0.0754	2.5451	0.6445	1.0196	0.9264	0.2721	0.3778	1.2497
1.0000	0.5981	0.7705	0.1229	0.6637	0.8366	0.4157	0.0747	2.6137	0.6374	1.0246	0.9235	0.2729	0.3599	1.2556
2.0000	0.5517	0.7885	0.1889	0.6902	0.8491	0.4705	0.1320	2.2877	0.6658	0.9234	0.9286	0.2563	0.4133	1.1660
2.0000	0.5555	0.7881	0.1902	0.6928	0.8439	0.4783	0.1336	2.3912	0.6601	0.9102	0.9300	0.2567	0.4163	1.1599
0.0000	0.7060	0.7361	0.0566	0.5258	0.8105	0.3201	0.0255	2.9393	0.4764	1.3788	0.9162	0.3111	0.2794	1.4629
3.0000	0.5183	0.8022	0.2464	0.7136	0.8579	0.5217	0.1881	2.1227	0.6848	0.8631	0.9342	0.2429	0.4584	1.0744
3.0000	0.5184	0.8042	0.2295	0.7165	0.8631	0.5334	0.1782	2.1339	0.6936	0.8405	0.9342	0.2448	0.4732	1.0678
1.0000	0.6104	0.7660	0.1302	0.6425	0.8315	0.6199	1.0548	0.9196	0.2793	0.3572	1.2628	0.4139	0.0808	2.5652
4.0000	0.4861	0.8172	0.2817	0.7344	0.8724	0.5740	0.2208	1.9733	0.7104	0.7951	0.9383	0.2306	0.5138	0.9963
2.0000	0.5609	0.7853	0.1970	0.6830	0.8466	0.6598	0.9324	0.9274	0.2604	0.4073	1.1735	0.4640	0.1446	2.3100
4.0000	0.4846	0.8166	0.2910	0.7291	0.8701	0.5745	0.2418	1.9507	0.7010	0.7942	0.9383	0.2315	0.5129	0.9957
5.0000	0.4582	0.8268	0.3079	0.7378	0.8773	0.6084	0.2416	1.8915	0.7168	0.7631	0.9393	0.2194	0.5505	0.9444
5.0000	0.4558	0.8282	0.3040	0.7512	0.8774	0.6057	0.2414	1.8539	0.7247	0.7521	0.9413	0.2188	0.5476	0.9432
3.0000	0.5167	0.8027	0.2418	0.7075	0.8607	0.5269	0.1857	2.1058	0.6837	0.8657	0.9313	0.2441	0.4699	1.0771
6.0000	0.4354	0.8372	0.3678	0.7649	0.8802	0.7387	0.7058	0.9421	0.2104	0.5793	0.9038	0.6323	0.2928	1.7386
0.0000	0.8234	0.7134	0.0186	0.2741	0.7670	0.0195	0.0000	3.1001	0.1711	1.9304	0.9883	0.3398	0.0113	1.6918
6.0000	0.4344	0.8382	0.3394	0.7577	0.8897	0.6377	0.2826	1.7859	0.7373	0.7201	0.9445	0.2075	0.5815	0.8948
4.0000	0.4853	0.8168	0.3039	0.7440	0.8676	0.5649	0.2477	1.9322	0.7139	0.7860	0.9373	0.2306	0.5054	1.0199
0.0000	0.8237	0.7107	0.0256	0.2691	0.7606	0.0254	0.0000	3.0814	0.1702	1.9296	0.9835	0.3450	0.0147	1.6789
0.0000	0.8207	0.7131	0.0293	0.3023	0.7570	0.0151	0.0000	3.0684	0.1943	1.9008	0.9851	0.3437	0.0089	1.6794
7.0000	0.4093	0.8460	0.3999	0.7677	0.8898	0.6606	0.3363	1.6494	0.7418	0.6772	0.9444	0.1997	0.6100	0.8346
7.0000	0.4104	0.8454	0.3833	0.7671	0.8931	0.6545	0.3296	1.5998	0.7482	0.6697	0.9443	0.2011	0.6045	0.8468
5.0000	0.4577	0.8281	0.3274	0.7456	0.8815	0.6078	0.2792	1.8448	0.7190	0.7609	0.9402	0.2184	0.5512	0.9437
1.0000	0.7931	0.7219	0.0241	0.4002	0.7797	0.0229	0.0000	3.0759	0.2869	1.8091	0.9838	0.3269	0.0135	1.6323
1.0000	0.7909	0.7205	0.0279	0.3866	0.7778	0.0220	0.0000	3.0734	0.2770	1.8185	0.9821	0.3276	0.0143	1.6237
8.0000	0.3925	0.8516	0.4257	0.7809	0.8929	0.6776	0.3625	1.5382	0.7589	0.6385	0.9451	0.1935	0.6283	0.7980
6.0000	0.4351	0.8396	0.3612	0.7579	0.8858	0.6479	0.3067	1.7334	0.7360	0.7252	0.9426	0.2097	0.5931	0.8937
1.0000	0.7906	0.7210	0.0289	0.3907	0.7672	0.0260	0.0000	3.0700	0.2726	1.8327	0.9826	0.3257	0.0151	1.6271
8.0000	0.3894	0.8528	0.4225	0.7798	0.8965	0.6754	0.3728	1.5395	0.7552	0.6388	0.9482	0.1904	0.6273	0.7954
7.0000	0.4138	0.8435	0.3985	0.7638	0.8878	0.6543	0.3401	1.5974	0.7376	0.7021	0.9430	0.2022	0.6043	0.8420
9.0000	0.3787	0.8573	0.4467	0.7847	0.9001	0.6909	0.3931	1.4216	0.7569	0.6209	0.9474	0.1864	0.6474	0.7791
2.0000	0.7850	0.7223	0.0307	0.4060	0.7771	0.0196	0.0000	3.0774	0.3020	1.7853	0.9826	0.3245	0.0112	1.6127
9.0000	0.3809	0.8561	0.4362	0.7862	0.8951	0.6938	0.3796	1.4766	0.7672	0.6201	0.9458	0.1879	0.6494	0.7672
2.0000	0.7828	0.7223	0.0290	0.4114	0.7782	0.0282	0.0000	3.0447	0.3004	1.7857	0.9812	0.3233	0.0177	1.6106
2.0000	0.7839	0.7219	0.0313	0.4003	0.7815	0.0305	0.0000	3.0561	0.2943	1.7823	0.9815	0.3253	0.0187	1.6068
8.0000	0.3930	0.8527	0.4176	0.7710	0.8976	0.6813	0.3654	1.5142	0.7486	0.6520	0.9465	0.1940	0.6350	0.8026
10.0000	0.3636	0.8641	0.4839	0.7861	0.9068	0.7655	0.6007	0.9495	0.1797	0.6700	0.7385	0.7080	0.4363	1.3521
10.0000	0.3615	0.8645	0.4461	0.7912	0.9047	0.7150	0.4020	1.4446	0.7706	0.5895	0.9508	0.1782	0.6731	0.7199
3.0000	0.7811	0.7242	0.0329	0.4266	0.7693	0.0218	0.0000	3.0418	0.3096	1.7785	0.9834	0.3227	0.0138	1.6064
9.0000	0.3732	0.8584	0.4772	0.7846	0.8995	0.6919	0.4253	1.3599	0.7575	0.6126	0.9467	0.1862	0.6493	0.7649
3.0000	0.7776	0.7235	0.0251	0.4102	0.7886	0.0358	0.0000	3.0474	0.3061	1.7546	0.9813	0.3226	0.0221	1.5988
3.0000	0.7791	0.7225	0.0267	0.4127	0.7713	0.0358	0.0000	3.0169	0.2971	1.7702	0.9809	0.3232	0.0203	1.6059
11.0000	0.3454	0.8698	0.4932	0.8029	0.9053	0.7238	0.4424	1.3335	0.7760	0.5684	0.9500	0.1727	0.6890	0.6944
10.0000	0.3621	0.8645	0.5052	0.7915	0.9032	0.7094	0.4527	1.3332	0.7680	0.6085	0.9476	0.1803	0.6714	0.7241
11.0000	0.3478	0.8699	0.5000	0.8007	0.9074	0.7248	0.4494	1.3428	0.7823	0.5555	0.9514	0.1737	0.6834	0.6967
4.0000	0.7762	0.7241	0.0376	0.4245	0.7624	0.3040	1.7599	0.9819	0.3221	0.0213	1.5947	0.0357	0.0000	3.0301
12.0000	0.3374	0.8725	0.4958	0.8060	0.9119	0.7326	0.4522	1.2869	0.7862	0.5560	0.9505	0.1701	0.6979	0.6765
4.0000	0.7742	0.7247	0.0312	0.4319	0.7710	0.0398	0.0000	3.0134	0.3138	1.7506	0.9815	0.3219	0.0233	1.5893
11.0000	0.3475	0.8691	0.5028	0.7895	0.9090	0.7688	0.5757	0.9490	0.1761	0.6946	0.6892	0.7279	0.4632	1.2845
4.0000	0.7767	0.7228	0.0337	0.4149	0.7767	0.0351	0.0000	3.0089	0.3063	1.7544	0.9808	0.3221	0.0214	1.5937
12.0000	0.3313	0.8771	0.5099	0.8093	0.9122	0.7895	0.5538	0.9540	0.1649	0.7025	0.6662	0.7435	0.4623	1.2622
12.0000	0.3347	0.8742	0.5296	0.8073	0.9121	0.7346	0.4889	1.2252	0.7870	0.5443	0.9511	0.1693	0.7006	0.6762
13.0000	0.3272	0.8761	0.5414	0.8120	0.9120	0.7366	0.4908	1.1818	0.7943	0.5291	0.9522	0.1652	0.6995	0.6717
13.0000	0.3195	0.8797	0.5306	0.8130	0.9147	0.7499	0.4836	1.1924	0.7925	0.5286	0.9542	0.1609	0.7170	0.6320
5.0000	0.7712	0.7246	0.0283	0.4288	0.7802	0.0291	0.0000	3.0171	0.3188	1.7313	0.9822	0.3195	0.0177	1.5852
5.0000	0.7765	0.7236	0.0348	0.4192	0.7687	0.0551	0.0000	3.0343	0.3019	1.7614	0.9798	0.3237	0.0325	1.5867
5.0000	0.7732	0.7250	0.0290	0.4252	0.7740	0.0354	0.0000	3.0224	0.3082	1.7487	0.9827	0.3210	0.0206	1.5894
13.0000	0.3235	0.8787	0.5458	0.8137	0.9121	0.7467	0.5135	1.1745	0.7935	0.5412	0.9519	0.1647	0.7154	0.6427
14.0000	0.3173	0.8779	0.5319	0.8029	0.9159	0.7500	0.5074	1.1448	0.7847	0.5249	0.9502	0.1644	0.7187	0.6279
14.0000	0.3134	0.8810	0.5130	0.8097	0.9179	0.7584	0.4893	1.1822	0.7925	0.5149	0.9539	0.1578	0.7231	0.6256
14.0000	0.3170	0.8806	0.5463	0.8098	0.9143	0.7582	0.5106	1.1757	0.7920	0.5318	0.9522	0.1608	0.7257	0.6287
6.0000	0.7730	0.7241	0.0271	0.4121	0.7814	0.0413	0.0000	3.0353	0.2979	1.7527	0.9822	0.3210	0.0245	1.5863
6.0000	0.7687	0.7252	0.0437	0.4361	0.7672	0.0416	0.0000	3.0082	0.3321	1.7064	0.9802	0.3216	0.0245	1.5776
15.0000	0.3070	0.8825	0.5415	0.8237	0.9172	0.7550	0.5053	1.1679	0.8050	0.4896	0.9531	0.1570	0.7272	0.6065
6.0000	0.7704	0.7262	0.0355	0.4369	0.7729	0.0390	0.0000	3.0232	0.3217	1.7404	0.9823	0.3201	0.0229	1.5849
15.0000	0.3075	0.8820	0.5501	0.8091	0.9180	0.7942	0.5253	0.9529	0.1580	0.7306	0.6058	0.7634	0.5143	1.0808
15.0000	0.3027	0.8857	0.5744	0.8178	0.9182	0.7631	0.5345	1.1238	0.8040	0.5064	0.9542	0.1552	0.7335	0.6007
16.0000	0.3012	0.8860	0.5723	0.8226	0.9179	0.7658	0.5318	1.1281	0.8065	0.4890	0.9534	0.1550	0.7390	0.5920
16.0000	0.2967	0.8888	0.5860	0.8214	0.9236	0.7758	0.5719	1.0249	0.8066	0.4845	0.9558	0.1515	0.7453	0.5902
7.0000	0.7696	0.7257	0.0277	0.4270	0.7832	0.3175	1.7323	0.9811	0.3197	0.0293	1.5811	0.0491	0.0000	2.9990
7.0000	0.7668	0.7258	0.0270	0.4310	0.7840	0.0505	0.0000	3.0165	0.3234	1.7259	0.9800	0.3194	0.0301	1.5755
16.0000	0.2963	0.8882	0.5566	0.8240	0.9231	0.7708	0.5331	1.1044	0.8145	0.4636	0.9555	0.1509	0.7377	0.6001
7.0000	0.7690	0.7262	0.0250	0.4257	0.7924	0.0356	0.0000	2.9937	0.3245	1.7269	0.9823	0.3214	0.0201	1.5783
17.0000	0.2906	0.8903	0.5963	0.8219	0.9256	0.7753	0.8081	0.4973	0.9553	0.1496	0.7490	0.5721	0.5639	1.0169
17.0000	0.2906	0.8901	0.6164	0.8327	0.9204	0.7739	0.5824	0.9789	0.8187	0.4713	0.9548	0.1500	0.7477	0.5769
8.0000	0.7700	0.7248	0.0323	0.4296	0.7726	0.0346	0.0000	3.0050	0.3153	1.7270	0.9820	0.3210	0.0194	1.5803
17.0000	0.2910	0.8902	0.5800	0.8331	0.9217	0.7787	0.5451	1.0639	0.8205	0.4643	0.9543	0.1509	0.7521	0.5695
8.0000	0.7669	0.7259	0.0347	0.4395	0.7740	0.0426	0.0000	3.0101	0.3289	1.7109	0.9807	0.3210	0.0264	1.5696
18.0000	0.2805	0.8936	0.6240	0.8342	0.9214	0.7827	0.6052	0.9555	0.8179	0.4604	0.9547	0.1452	0.7602	0.5583
18.0000	0.2801	0.8943	0.5996	0.8364	0.9257	0.7831	0.5670	1.0078	0.8198	0.4545	0.9564	0.1443	0.7583	0.5536
8.0000	0.7667	0.7264	0.0293	0.4335	0.7871	0.0454	0.0000	2.9818	0.3255	1.7272	0.9817	0.3183	0.0262	1.5697
19.0000	0.2753	0.8955	0.5936	0.8286	0.9296	0.7903	0.5750	0.9719	0.8233	0.4510	0.9569	0.1435	0.7682	0.5351
18.0000	0.2807	0.8940	0.6014	0.8270	0.9244	0.7862	0.5712	1.0135	0.8198	0.4610	0.9582	0.1446	0.7568	0.5442
9.0000	0.7667	0.7248	0.0327	0.4276	0.7763	0.0445	0.0000	2.9888	0.3182	1.7299	0.9804	0.3192	0.0260	1.5725
19.0000	0.2705	0.8986	0.6125	0.8395	0.9264	0.8241	0.4473	0.9582	0.1393	0.7732	0.5353	0.7961	0.5809	0.9562
9.0000	0.7649	0.7257	0.0315	0.4378	0.7758	0.0355	0.0000	2.9932	0.3279	1.7071	0.9815	0.3201	0.0216	1.5710
20.0000	0.2706	0.8980	0.6267	0.8301	0.9301	0.8000	0.6073	0.9093	0.8107	0.4480	0.9581	0.1407	0.7760	0.5303
19.0000	0.2763	0.8956	0.5947	0.8299	0.9263	0.7933	0.5715	1.0209	0.8133	0.4588	0.9577	0.1432	0.7666	0.5277
9.0000	0.7662	0.7262	0.0373	0.4421	0.7784	0.0373	0.0000	2.9891	0.3355	1.7034	0.9810	0.3189	0.0235	1.5793
20.0000	0.2708	0.8980	0.6021	0.8400	0.9271	0.7972	0.5792	0.9571	0.8296	0.4145	0.9576	0.1427	0.7722	0.5351
10.0000	0.7664	0.7260	0.0274	0.4343	0.7807	0.0413	0.0000	3.0079	0.3255	1.7098	0.9816	0.3190	0.0244	1.5766
21.0000	0.2662	0.8997	0.6042	0.8304	0.9284	0.8048	0.5787	0.9574	0.8170	0.4361	0.9597	0.1375	0.7795	0.5167
10.0000	0.7625	0.7261	0.0202	0.4378	0.7949	0.0398	0.0000	2.9950	0.3331	1.6941	0.9808	0.3182	0.0234	1.5699
20.0000	0.2664	0.8987	0.6355	0.8358	0.9287	0.7905	0.6128	0.9414	0.8205	0.4454	0.9584	0.1379	0.7654	0.5256
22.0000	0.2566	0.9013	0.6477	0.8472	0.9310	0.7990	0.6282	0.8311	0.8310	0.4178	0.9581	0.1371	0.7783	0.4988
21.0000	0.2663	0.8993	0.6272	0.8381	0.9269	0.7992	0.6056	0.9800	0.8220	0.4487	0.9582	0.1394	0.7739	0.5097
10.0000	0.7655	0.7261	0.0214	0.4268	0.7950	0.0370	0.0000	2.9832	0.3231	1.7182	0.9819	0.3197	0.0226	1.5642
11.0000	0.7647	0.7259	0.0283	0.4372	0.7826	0.0444	0.0000	2.9582	0.3280	1.7093	0.9808	0.3195	0.0264	1.5721
21.0000	0.2623	0.9011	0.6198	0.8460	0.9296	0.8008	0.5873	0.9586	0.8305	0.4252	0.9604	0.1364	0.7751	0.5054
23.0000	0.2571	0.9022	0.6338	0.8386	0.9309	0.8061	0.6132	0.8725	0.8240	0.4288	0.9585	0.1357	0.7844	0.5083
11.0000	0.7608	0.7265	0.0260	0.4421	0.7810	0.0553	0.0000	2.9770	0.3301	1.6924	0.9798	0.3178	0.0328	1.5613
22.0000	0.2587	0.9039	0.6445	0.8460	0.9325	0.8045	0.6219	0.8992	0.8319	0.4326	0.9597	0.1359	0.7812	0.5087
24.0000	0.2469	0.9063	0.6698	0.8417	0.9338	0.8134	0.6554	0.8336	0.8313	0.4247	0.9595	0.1315	0.7927	0.4794
22.0000	0.2552	0.9040	0.6545	0.8495	0.9323	0.8040	0.6280	0.8618	0.8341	0.4219	0.9594	0.1347	0.7868	0.5006
12.0000	0.7637	0.7260	0.0347	0.4424	0.7682	0.0578	0.0000	2.9912	0.3239	1.7022	0.9800	0.3192	0.0342	1.5640
11.0000	0.7631	0.7278	0.0299	0.4518	0.7815	0.0638	0.0000	2.9872	0.3383	1.6905	0.9794	0.3186	0.0394	1.5711
23.0000	0.2520	0.9046	0.6401	0.8427	0.9326	0.8103	0.6214	0.8711	0.8301	0.4290	0.9596	0.1316	0.7888	0.4953
12.0000	0.7597	0.7277	0.0112	0.4418	0.8010	0.0584	0.0000	2.9905	0.3344	1.6794	0.9806	0.3187	0.0345	1.5603
25.0000	0.2456	0.9066	0.6443	0.8516	0.9344	0.8357	0.4063	0.9604	0.1306	0.7968	0.4740	0.8146	0.6270	0.8512
23.0000	0.2495	0.9054	0.6318	0.8456	0.9337	0.8161	0.6150	0.8945	0.8336	0.4138	0.9605	0.1309	0.7916	0.4819
24.0000	0.2478	0.9058	0.6362	0.8461	0.9351	0.8122	0.6262	0.8462	0.8382	0.3981	0.9601	0.1312	0.7901	0.4829
13.0000	0.7616	0.7263	0.0284	0.4364	0.7879	0.0452	0.0000	2.9815	0.3331	1.6876	0.9805	0.3181	0.0269	1.5695
26.0000	0.2417	0.9094	0.6726	0.8491	0.9352	0.8215	0.6479	0.8019	0.8391	0.4075	0.9611	0.1278	0.8028	0.4738
12.0000	0.7623	0.7273	0.0303	0.4400	0.7844	0.0510	0.0000	3.0092	0.3344	1.7062	0.9803	0.3186	0.0303	1.5683
13.0000	0.7591	0.7267	0.0305	0.4418	0.7733	0.0581	0.0000	2.9811	0.3254	1.6963	0.9797	0.3184	0.0340	1.5586
24.0000	0.2436	0.9070	0.6433	0.8496	0.9347	0.8196	0.6149	0.8581	0.8383	0.4008	0.9612	0.1280	0.7995	0.4605
27.0000	0.2368	0.9107	0.6653	0.8495	0.9346	0.8286	0.6489	0.7759	0.8365	0.4013	0.9613	0.1260	0.8099	0.4608
25.0000	0.2440	0.9082	0.6699	0.8579	0.9343	0.8109	0.6527	0.8137	0.8429	0.3974	0.9606	0.1282	0.7911	0.4897
14.0000	0.7611	0.7270	0.0354	0.4462	0.7739	0.0542	0.0000	3.0001	0.3341	1.6962	0.9804	0.3179	0.0312	1.5618
28.0000	0.2294	0.9138	0.6872	0.8564	0.9362	0.8315	0.6649	0.7659	0.8454	0.3777	0.9639	0.1217	0.8112	0.4460
25.0000	0.2434	0.9057	0.6578	0.8463	0.9348	0.8320	0.4079	0.9600	0.1292	0.7927	0.4653	0.8090	0.6374	0.8387
13.0000	0.7616	0.7277	0.0285	0.4400	0.7851	0.0563	0.0000	2.9979	0.3332	1.6947	0.9810	0.3180	0.0326	1.5662
26.0000	0.2434	0.9074	0.6373	0.8491	0.9371	0.8153	0.6248	0.8529	0.8372	0.3984	0.9593	0.1297	0.8009	0.4754
14.0000	0.7585	0.7266	0.0329	0.4582	0.7710	0.0581	0.0000	2.9808	0.3471	1.6618	0.9783	0.3186	0.0334	1.5536
29.0000	0.2308	0.9125	0.6884	0.8535	0.9381	0.8466	0.3905	0.9617	0.1211	0.8152	0.4382	0.8310	0.6785	0.7508
15.0000	0.7608	0.7260	0.0342	0.4402	0.7736	0.0477	0.0000	2.9468	0.3302	1.6967	0.9796	0.3190	0.0285	1.5587
26.0000	0.2404	0.9085	0.6592	0.8480	0.9340	0.8233	0.6349	0.8299	0.8316	0.4165	0.9615	0.1258	0.8017	0.4620
27.0000	0.2302	0.9121	0.6775	0.8606	0.9388	0.8210	0.6590	0.7783	0.8480	0.3707	0.9635	0.1219	0.7978	0.4628
30.0000	0.2265	0.9146	0.6765	0.8605	0.9397	0.8348	0.6728	0.7636	0.8512	0.3863	0.9615	0.1208	0.8232	0.4241
15.0000	0.7556	0.7275	0.0251	0.4298	0.7966	0.3297	1.6827	0.9787	0.3163	0.0432	1.5525	0.0720	0.0000	2.9656
14.0000	0.7591	0.7275	0.0322	0.4528	0.7753	0.0568	0.0000	2.9643	0.3393	1.6907	0.9800	0.3174	0.0338	1.5582
27.0000	0.2356	0.9116	0.6702	0.8544	0.9377	0.8251	0.6557	0.8008	0.8414	0.3851	0.9632	0.1246	0.8060	0.4548
16.0000	0.7605	0.7260	0.0349	0.4427	0.7706	0.0525	0.0000	2.9906	0.3263	1.7124	0.9793	0.3183	0.0316	1.5580
28.0000	0.2359	0.9110	0.6745	0.8558	0.9397	0.8218	0.6775	0.7847	0.8484	0.3837	0.9612	0.1263	0.8052	0.4534
31.0000	0.2180	0.9177	0.7044	0.8629	0.9416	0.8388	0.6980	0.7197	0.8517	0.3699	0.9642	0.1153	0.8231	0.4184
16.0000	0.7550	0.7276	0.0382	0.4488	0.7759	0.3400	1.6715	0.9782	0.3174	0.0399	1.5461	0.0643	0.0000	2.9836
28.0000	0.2316	0.9118	0.6827	0.8548	0.9364	0.8237	0.8425	0.3844	0.9637	0.1222	0.8044	0.4546	0.6548	0.7802
32.0000	0.2192	0.9174	0.7047	0.8669	0.9419	0.8349	0.6853	0.7471	0.8579	0.3536	0.9631	0.1167	0.8206	0.4285
29.0000	0.2282	0.9134	0.6941	0.8694	0.9369	0.8273	0.6761	0.7696	0.8560	0.3657	0.9622	0.1214	0.8069	0.4503
15.0000	0.7598	0.7274	0.0374	0.4489	0.7741	0.0524	0.0000	2.9900	0.3344	1.6989	0.9803	0.3173	0.0322	1.5576
17.0000	0.7600	0.7262	0.0334	0.4411	0.7689	0.0579	0.0000	2.9762	0.3219	1.7092	0.9802	0.3176	0.0336	1.5543
33.0000	0.2169	0.9186	0.7230	0.8632	0.9423	0.8347	0.7094	0.6778	0.8546	0.3668	0.9646	0.1154	0.8170	0.4290
29.0000	0.2247	0.9155	0.6961	0.8625	0.9400	0.8325	0.6793	0.7606	0.8551	0.3591	0.9640	0.1210	0.8134	0.4318
30.0000	0.2210	0.9165	0.7121	0.8608	0.9408	0.8333	0.7035	0.7072	0.8520	0.3701	0.9644	0.1163	0.8130	0.4400
17.0000	0.7531	0.7281	0.0241	0.4427	0.7895	0.0642	0.0000	2.9351	0.3339	1.6841	0.9794	0.3163	0.0391	1.5392
34.0000	0.2075	0.9200	0.7224	0.8610	0.9438	0.8446	0.7135	0.6698	0.8511	0.3523	0.9652	0.1110	0.8285	0.3980
18.0000	0.7592	0.7278	0.0342	0.4500	0.7762	0.0585	0.0000	2.9755	0.3347	1.6868	0.9802	0.3186	0.0356	1.5624
16.0000	0.7575	0.7278	0.0333	0.4447	0.7800	0.0594	0.0000	2.9815	0.3355	1.6862	0.9797	0.3181	0.0355	1.5539
30.0000	0.2234	0.9160	0.7073	0.8643	0.9382	0.8340	0.6870	0.7271	0.8499	0.3644	0.9641	0.1184	0.8131	0.4423
31.0000	0.2261	0.9156	0.6812	0.8601	0.9381	0.8494	0.3785	0.9640	0.1210	0.8139	0.4454	0.8339	0.6650	0.7417
35.0000	0.2036	0.9230	0.7333	0.8735	0.9426	0.8462	0.7210	0.6670	0.8638	0.3268	0.9659	0.1098	0.8335	0.3915
18.0000	0.7532	0.7284	0.0328	0.4477	0.7811	0.0710	0.0000	2.9748	0.3372	1.6657	0.9787	0.3160	0.0443	1.5510
19.0000	0.7583	0.7267	0.0365	0.4343	0.7753	0.0581	0.0006	2.9750	0.3255	1.6974	0.9794	0.3170	0.0356	1.5614
31.0000	0.2166	0.9183	0.6812	0.8662	0.9414	0.8544	0.3675	0.9651	0.1156	0.8197	0.4161	0.8377	0.6650	0.7405
32.0000	0.2178	0.9180	0.6911	0.8685	0.9392	0.8408	0.6653	0.7479	0.8641	0.3484	0.9644	0.1158	0.8233	0.4250
36.0000	0.1991	0.9244	0.7161	0.8717	0.9474	0.8507	0.7029	0.7005	0.8612	0.3333	0.9671	0.1077	0.8393	0.3769
17.0000	0.7570	0.7270	0.0344	0.4442	0.7787	0.0525	0.0000	2.9865	0.3397	1.6807	0.9802	0.3175	0.0305	1.5541
37.0000	0.2061	0.9223	0.7241	0.8764	0.9435	0.8452	0.7084	0.6856	0.8654	0.3440	0.9655	0.1119	0.8320	0.3876
32.0000	0.2151	0.9184	0.6955	0.8741	0.9420	0.8385	0.6754	0.7513	0.8639	0.3423	0.9652	0.1151	0.8187	0.4164
33.0000	0.2140	0.9188	0.6978	0.8707	0.9433	0.8382	0.6928	0.7385	0.8574	0.3451	0.9637	0.1162	0.8239	0.4146
19.0000	0.7516	0.7285	0.0347	0.4456	0.7802	0.0845	0.0000	2.9598	0.3335	1.6593	0.9780	0.3158	0.0521	1.5335
20.0000	0.7570	0.7272	0.0356	0.4531	0.7702	0.0621	0.0000	2.9752	0.3343	1.6784	0.9797	0.3176	0.0374	1.5504
38.0000	0.2046	0.9231	0.7329	0.8720	0.9451	0.8476	0.7103	0.6618	0.8643	0.3219	0.9673	0.1113	0.8321	0.3956
18.0000	0.7552	0.7292	0.0317	0.4556	0.7848	0.0643	0.0000	2.9711	0.3450	1.6751	0.9800	0.3168	0.0383	1.5569
33.0000	0.2103	0.9196	0.6936	0.8673	0.9419	0.8443	0.6751	0.7506	0.8589	0.3474	0.9663	0.1113	0.8225	0.4055
34.0000	0.2148	0.9209	0.7226	0.8698	0.9429	0.8440	0.8616	0.3432	0.9648	0.1135	0.8273	0.4290	0.7032	0.7439
20.0000	0.7508	0.7286	0.0299	0.4429	0.7912	0.0882	0.0000	2.9864	0.3415	1.6660	0.9767	0.3162	0.0545	1.5293
39.0000	0.1983	0.9247	0.7336	0.8758	0.9462	0.8503	0.8628	0.3295	0.9670	0.1066	0.8383	0.3766	0.7272	0.6621
21.0000	0.7561	0.7268	0.0294	0.4396	0.7858	0.0651	0.0000	2.9793	0.9786	0.3174	0.0386	1.5481	0.3312	1.6809
35.0000	0.2080	0.9213	0.6980	0.8687	0.9438	0.8483	0.8608	0.3403	0.9649	0.1124	0.8349	0.3972	0.6998	0.6995
34.0000	0.2124	0.9199	0.7318	0.8706	0.9433	0.8397	0.7174	0.6761	0.8610	0.3434	0.9654	0.1127	0.8212	0.4212
19.0000	0.7537	0.7286	0.0332	0.4564	0.7786	0.0601	0.0000	2.9724	0.3514	1.6607	0.9795	0.3168	0.0358	1.5422
40.0000	0.1939	0.9269	0.7461	0.8811	0.9484	0.8554	0.7381	0.6258	0.8764	0.3108	0.9667	0.1056	0.8428	0.3749
21.0000	0.7490	0.7277	0.0311	0.4471	0.7855	0.0829	0.0000	2.9176	0.3406	1.6478	0.9761	0.3158	0.0511	1.5300
22.0000	0.7555	0.7283	0.0385	0.4463	0.7728	0.0777	0.0000	2.9742	0.3287	1.6904	0.9789	0.3166	0.0478	1.5519
36.0000	0.2070	0.9217	0.7086	0.8707	0.9463	0.8447	0.7076	0.6923	0.8635	0.3427	0.9651	0.1126	0.8307	0.3940
35.0000	0.2065	0.9222	0.7107	0.8739	0.9465	0.8458	0.6990	0.6748	0.8615	0.3329	0.9669	0.1113	0.8275	0.4016
41.0000	0.1866	0.9306	0.7416	0.8863	0.9520	0.8664	0.7412	0.6149	0.8761	0.3116	0.9699	0.1006	0.8502	0.3590
20.0000	0.7529	0.7280	0.0346	0.4432	0.7829	0.0744	0.0000	2.9464	0.3405	1.6663	0.9780	0.3172	0.0442	1.5410
42.0000	0.1877	0.9297	0.7464	0.8824	0.9506	0.8616	0.7464	0.6097	0.8742	0.3022	0.9686	0.1038	0.8467	0.3630
37.0000	0.1987	0.9254	0.7527	0.8756	0.9470	0.8560	0.7434	0.6084	0.8670	0.3309	0.9661	0.1083	0.8428	0.3796
36.0000	0.2100	0.9215	0.7116	0.8738	0.9458	0.8432	0.7058	0.7106	0.8635	0.3287	0.9664	0.1112	0.8253	0.4259
23.0000	0.7543	0.7276	0.0364	0.4526	0.7749	0.0589	0.0000	2.9623	0.3367	1.6814	0.9799	0.3160	0.0357	1.5484
22.0000	0.7479	0.7291	0.0290	0.4585	0.7804	0.0883	0.0000	2.9599	0.3434	1.6617	0.9767	0.3148	0.0542	1.5258
43.0000	0.1895	0.9285	0.7440	0.8774	0.9487	0.8631	0.7362	0.6232	0.8690	0.3105	0.9685	0.1035	0.8498	0.3584
38.0000	0.1980	0.9248	0.7213	0.8788	0.9456	0.8554	0.7156	0.6554	0.8653	0.3184	0.9661	0.1074	0.8429	0.3817
37.0000	0.1955	0.9265	0.7435	0.8820	0.9467	0.8564	0.7309	0.6532	0.8743	0.3084	0.9683	0.1062	0.8368	0.3781
21.0000	0.7525	0.7287	0.0363	0.4548	0.7760	0.0765	0.0000	2.9608	0.3439	1.6689	0.9777	0.3157	0.0458	1.5483
24.0000	0.7538	0.7272	0.0357	0.4410	0.7752	0.0737	0.0000	2.9535	0.3284	1.6763	0.9778	0.3166	0.0434	1.5561
44.0000	0.1861	0.9300	0.7617	0.8843	0.9507	0.8623	0.8749	0.3038	0.9682	0.1016	0.8520	0.3586	0.7519	0.5906
23.0000	0.7475	0.7283	0.0331	0.4425	0.7831	0.0804	0.0000	2.9289	0.3341	1.6625	0.9773	0.3140	0.0498	1.5308
39.0000	0.1979	0.9260	0.7469	0.8761	0.9455	0.8577	0.7345	0.6515	0.8699	0.3189	0.9663	0.1076	0.8413	0.3825
38.0000	0.1922	0.9284	0.7192	0.8825	0.9507	0.8615	0.7119	0.6604	0.8726	0.3027	0.9686	0.1035	0.8469	0.3768
45.0000	0.1812	0.9318	0.7569	0.8926	0.9511	0.8645	0.7588	0.5705	0.8784	0.2978	0.9695	0.0983	0.8518	0.3516
25.0000	0.7545	0.7272	0.0355	0.4466	0.7823	0.0701	0.0000	2.9575	0.3406	1.6582	0.9777	0.3169	0.0428	1.5567
22.0000	0.7516	0.7281	0.0354	0.4557	0.7750	0.0000	2.9622	0.9777	0.3159	0.0428	1.5418	0.0715	0.3442	1.6616
40.0000	0.1955	0.9263	0.7443	0.8783	0.9476	0.8541	0.7327	0.6408	0.8733	0.3134	0.9656	0.1080	0.8439	0.3773
24.0000	0.7464	0.7293	0.0412	0.4613	0.7669	0.0936	0.0000	2.9640	0.3458	1.6565	0.9758	0.3156	0.0568	1.5272
46.0000	0.1749	0.9334	0.7793	0.8925	0.9512	0.8718	0.7720	0.5443	0.8848	0.2893	0.9701	0.0976	0.8569	0.3292
39.0000	0.1973	0.9265	0.7068	0.8793	0.9493	0.8615	0.7066	0.6782	0.8686	0.3179	0.9693	0.1050	0.8423	0.3799
47.0000	0.1779	0.9331	0.7639	0.8913	0.9528	0.8699	0.7687	0.5498	0.8825	0.2926	0.9689	0.0983	0.8609	0.3327
41.0000	0.1915	0.9266	0.7388	0.8767	0.9485	0.8543	0.7402	0.5879	0.8685	0.3212	0.9677	0.1045	0.8413	0.3653
26.0000	0.7533	0.7276	0.0301	0.4324	0.7909	0.0662	0.0000	2.9360	0.3317	1.6747	0.9792	0.3176	0.0388	1.5449
40.0000	0.1915	0.9291	0.7303	0.8840	0.9493	0.8608	0.7285	0.6587	0.8747	0.3130	0.9694	0.1026	0.8459	0.3681
25.0000	0.7451	0.7288	0.0252	0.4450	0.7921	0.0860	0.0000	2.9361	0.3408	1.6379	0.9761	0.3144	0.0518	1.5294
23.0000	0.7505	0.7284	0.0382	0.4529	0.7780	0.0716	0.0000	2.9417	0.3460	1.6537	0.9782	0.3163	0.0442	1.5371
48.0000	0.1759	0.9343	0.7689	0.8943	0.9523	0.8698	0.7637	0.5557	0.8889	0.2838	0.9710	0.0948	0.8587	0.3391
42.0000	0.1903	0.9284	0.7556	0.8806	0.9478	0.8604	0.7473	0.6534	0.8730	0.3134	0.9667	0.1029	0.8473	0.3668
41.0000	0.1908	0.9277	0.7313	0.8811	0.9465	0.8625	0.7167	0.6389	0.8693	0.3101	0.9684	0.1035	0.8459	0.3660
27.0000	0.7524	0.7283	0.0272	0.4524	0.7865	0.0679	0.0000	2.9623	0.3428	1.6632	0.9792	0.3148	0.0407	1.5509
49.0000	0.1719	0.9349	0.7639	0.8968	0.9530	0.8736	0.7582	0.5681	0.8877	0.2684	0.9702	0.0947	0.8637	0.3282
26.0000	0.7436	0.7298	0.0314	0.4506	0.7838	0.0977	0.0000	2.9204	0.3403	1.6355	0.9765	0.3136	0.0593	1.5199
43.0000	0.1852	0.9304	0.7662	0.8879	0.9505	0.8601	0.7572	0.5864	0.8796	0.2943	0.9683	0.1013	0.8496	0.3580
24.0000	0.7502	0.7285	0.0325	0.4443	0.7835	0.0785	0.0000	2.9317	0.3413	1.6572	0.9778	0.3148	0.0467	1.5393
42.0000	0.1842	0.9317	0.7674	0.8908	0.9507	0.8636	0.7550	0.6150	0.8845	0.2945	0.9700	0.1000	0.8469	0.3570
50.0000	0.1721	0.9352	0.7739	0.8931	0.9547	0.8728	0.7819	0.5119	0.8891	0.2717	0.9706	0.0945	0.8596	0.3348
28.0000	0.7510	0.7279	0.0338	0.4468	0.7828	0.0717	0.0000	2.9438	0.3412	1.6630	0.9781	0.3163	0.0434	1.5414
44.0000	0.1859	0.9300	0.7498	0.8840	0.9505	0.8646	0.7505	0.6097	0.8741	0.3085	0.9685	0.0992	0.8532	0.3574
51.0000	0.1691	0.9363	0.7822	0.8929	0.9549	0.8744	0.8859	0.2775	0.9711	0.0930	0.8643	0.3191	0.7829	0.5190
27.0000	0.7429	0.7300	0.0261	0.4551	0.7924	0.1074	0.0000	2.9095	0.3497	1.6234	0.9748	0.3138	0.0656	1.5205
43.0000	0.1837	0.9315	0.7378	0.8872	0.9518	0.8709	0.7271	0.6542	0.8829	0.2932	0.9701	0.0996	0.8558	0.3421
25.0000	0.7493	0.7286	0.0394	0.4536	0.7732	0.3388	1.6756	0.9779	0.3146	0.0472	1.5381	0.0775	0.0006	2.9621
52.0000	0.1664	0.9376	0.7958	0.8959	0.9548	0.8753	0.7865	0.4843	0.8904	0.2732	0.9720	0.0908	0.8639	0.3277
45.0000	0.1834	0.9301	0.7388	0.8838	0.9510	0.8626	0.7459	0.5900	0.8758	0.2921	0.9690	0.0996	0.8522	0.3543
29.0000	0.7519	0.7279	0.0286	0.4437	0.7892	0.0767	0.0000	2.9504	0.3391	1.6622	0.9773	0.3150	0.0458	1.5466
44.0000	0.1836	0.9292	0.7060	0.8769	0.9517	0.8644	0.7104	0.6439	0.8700	0.3005	0.9694	0.0984	0.8535	0.3496
28.0000	0.7430	0.7310	0.0327	0.4585	0.7833	0.1043	0.0000	2.9077	0.3474	1.6404	0.9761	0.3132	0.0653	1.5247
53.0000	0.1637	0.9385	0.7878	0.9029	0.9557	0.8776	0.7892	0.4980	0.8944	0.2599	0.9715	0.0910	0.8683	0.3159
46.0000	0.1805	0.9340	0.7420	0.8881	0.9552	0.8710	0.7428	0.6090	0.8797	0.2921	0.9707	0.0982	0.8606	0.3426
26.0000	0.7491	0.7283	0.0355	0.4525	0.7683	0.0842	0.0000	2.9187	0.3322	1.6704	0.9777	0.3149	0.0507	1.5316
45.0000	0.1813	0.9305	0.7585	0.8887	0.9513	0.8615	0.7533	0.5771	0.8819	0.2930	0.9680	0.0992	0.8524	0.3456
30.0000	0.7491	0.7271	0.0267	0.4467	0.7877	0.0825	0.0000	2.9305	0.3395	1.6690	0.9753	0.3157	0.0491	1.5386
54.0000	0.1575	0.9422	0.7963	0.9071	0.9576	0.8900	0.7856	0.5271	0.9017	0.2476	0.9734	0.0881	0.8798	0.2926
29.0000	0.7410	0.7297	0.0376	0.4564	0.7770	0.1009	0.0000	2.9314	0.3439	1.6327	0.9760	0.3142	0.0620	1.5112
47.0000	0.1754	0.9338	0.7630	0.8924	0.9534	0.8729	0.7569	0.5774	0.8847	0.2743	0.9705	0.0965	0.8592	0.3296
55.0000	0.1616	0.9383	0.7723	0.8967	0.9578	0.8766	0.7770	0.5144	0.8947	0.2686	0.9702	0.0891	0.8726	0.3089
46.0000	0.1803	0.9327	0.7667	0.8886	0.9532	0.8709	0.7806	0.5791	0.8769	0.2925	0.9684	0.0994	0.8624	0.3358
31.0000	0.7476	0.7300	0.0339	0.4572	0.7819	0.0828	0.0000	2.9254	0.3493	1.6419	0.9784	0.3146	0.0500	1.5395
27.0000	0.7456	0.7315	0.0319	0.4693	0.7845	0.0891	0.0000	2.9257	0.3565	1.6473	0.9786	0.3152	0.0532	1.5182
48.0000	0.1785	0.9324	0.7499	0.8906	0.9506	0.8669	0.7483	0.5786	0.8814	0.3000	0.9695	0.0966	0.8542	0.3433
56.0000	0.1567	0.9419	0.7866	0.8968	0.9587	0.8914	0.7773	0.5173	0.8933	0.2602	0.9737	0.0859	0.8830	0.2871
47.0000	0.1719	0.9350	0.7810	0.8930	0.9535	0.8716	0.7725	0.5191	0.8819	0.2856	0.9710	0.0946	0.8609	0.3301
30.0000	0.7390	0.7306	0.0444	0.4678	0.7696	0.0991	0.0000	2.9260	0.3517	1.6131	0.9753	0.3128	0.0612	1.5140
57.0000	0.1591	0.9410	0.7979	0.8999	0.9565	0.8871	0.7955	0.5136	0.8925	0.2587	0.9731	0.0876	0.8757	0.3001
32.0000	0.7484	0.7295	0.0392	0.4504	0.7796	0.3455	1.6552	0.9768	0.3160	0.0566	1.5322	0.0924	0.0000	2.9392
49.0000	0.1739	0.9331	0.7675	0.8909	0.9510	0.8878	0.2757	0.9699	0.0955	0.8560	0.3366	0.8676	0.7523	0.5577
28.0000	0.7472	0.7295	0.0355	0.4677	0.7800	0.0810	0.0000	2.9567	0.3638	1.6340	0.9769	0.3140	0.0477	1.5440
48.0000	0.1736	0.9345	0.7659	0.8904	0.9531	0.8720	0.7505	0.5777	0.8814	0.2914	0.9713	0.0944	0.8595	0.3317
58.0000	0.1538	0.9433	0.8015	0.9024	0.9587	0.8954	0.2537	0.9743	0.0859	0.8827	0.2856	0.8920	0.7974	0.4802
31.0000	0.7394	0.7311	0.0291	0.4674	0.7870	0.1028	0.0000	2.9040	0.3590	1.6128	0.9758	0.3133	0.0625	1.5138
50.0000	0.1707	0.9360	0.7752	0.9010	0.9521	0.8967	0.2635	0.9706	0.0945	0.8592	0.3298	0.8712	0.7749	0.5332
33.0000	0.7491	0.7281	0.0367	0.4562	0.7769	0.0836	0.0000	2.9226	0.3474	1.6458	0.9766	0.3154	0.0491	1.5344
49.0000	0.1711	0.9349	0.7670	0.8941	0.9548	0.8724	0.7652	0.5686	0.8890	0.2703	0.9703	0.0935	0.8609	0.3274
59.0000	0.1519	0.9441	0.7905	0.9092	0.9587	0.8905	0.7884	0.4951	0.9038	0.2401	0.9747	0.0843	0.8800	0.2901
29.0000	0.7461	0.7296	0.0367	0.4591	0.7810	0.0831	0.0005	2.9250	0.3487	1.6443	0.9780	0.3147	0.0496	1.5283
51.0000	0.1703	0.9358	0.7501	0.8979	0.9559	0.8769	0.7536	0.5430	0.8911	0.2703	0.9712	0.0936	0.8674	0.3260
32.0000	0.7373	0.7318	0.0309	0.4581	0.7953	0.1227	0.0006	2.8857	0.3515	1.6219	0.9743	0.3124	0.0781	1.5120
60.0000	0.1527	0.9431	0.8149	0.9012	0.9593	0.8892	0.8087	0.4688	0.8960	0.2688	0.9731	0.0848	0.8847	0.2774
50.0000	0.1669	0.9381	0.7686	0.8959	0.9571	0.8819	0.7632	0.5557	0.8933	0.2729	0.9733	0.0908	0.8674	0.3131
34.0000	0.7466	0.7286	0.0359	0.4455	0.7833	0.0921	0.0000	2.9333	0.3406	1.6520	0.9762	0.3152	0.0564	1.5287
52.0000	0.1683	0.9367	0.7608	0.8959	0.9547	0.8754	0.7712	0.5838	0.8866	0.2772	0.9707	0.0920	0.8665	0.3212
61.0000	0.1495	0.9447	0.8072	0.9047	0.9592	0.8928	0.8007	0.4495	0.9023	0.2466	0.9751	0.0823	0.8815	0.2896
30.0000	0.7451	0.7305	0.0264	0.4575	0.7922	0.0921	0.0000	2.9226	0.3506	1.6439	0.9776	0.3138	0.0558	1.5298
51.0000	0.1617	0.9408	0.7796	0.8993	0.9581	0.8879	0.7771	0.5502	0.8924	0.2654	0.9735	0.0883	0.8779	0.2983
33.0000	0.7362	0.7316	0.0414	0.4704	0.7731	0.3534	1.6123	0.9751	0.3106	0.0705	1.5194	0.1149	0.0019	2.8895
62.0000	0.1476	0.9452	0.8143	0.9077	0.9611	0.9022	0.2414	0.9749	0.0799	0.8818	0.2864	0.8905	0.8197	0.4589
35.0000	0.7458	0.7289	0.0282	0.4420	0.7924	0.0867	0.0009	2.9125	0.3385	1.6548	0.9778	0.3139	0.0504	1.5317
53.0000	0.1623	0.9399	0.7915	0.9019	0.9566	0.8793	0.7831	0.5037	0.9020	0.2516	0.9723	0.0908	0.8705	0.3117
52.0000	0.1675	0.9369	0.7659	0.8979	0.9548	0.8752	0.7763	0.5298	0.8902	0.2688	0.9712	0.0914	0.8639	0.3264
63.0000	0.1462	0.9445	0.8302	0.9108	0.9597	0.8874	0.8336	0.4126	0.9063	0.2354	0.9737	0.0818	0.8794	0.2793
31.0000	0.7445	0.7308	0.0395	0.4713	0.7702	0.0892	0.0000	2.9124	0.3550	1.6256	0.9779	0.3139	0.0546	1.5265
34.0000	0.7368	0.7306	0.0239	0.4587	0.7952	0.1129	0.0002	2.9188	0.3572	1.5931	0.9745	0.3120	0.0704	1.5000
54.0000	0.1660	0.9370	0.7819	0.8956	0.9552	0.8798	0.7761	0.5149	0.8933	0.2661	0.9703	0.0934	0.8715	0.3051
36.0000	0.7454	0.7290	0.0308	0.4533	0.7884	0.0990	0.0003	2.9483	0.3506	1.6349	0.9738	0.3155	0.0622	1.5294
64.0000	0.1461	0.9447	0.7875	0.9025	0.9611	0.8977	0.7911	0.4878	0.8963	0.2388	0.9741	0.0808	0.8926	0.2683
53.0000	0.1628	0.9382	0.7681	0.8949	0.9548	0.8828	0.7621	0.5445	0.8869	0.2633	0.9724	0.0890	0.8713	0.3074
55.0000	0.1596	0.9396	0.7908	0.8974	0.9556	0.8844	0.7944	0.4942	0.8969	0.2552	0.9714	0.0899	0.8770	0.2943
65.0000	0.1428	0.9475	0.8042	0.9136	0.9605	0.9004	0.8118	0.4540	0.9092	0.2311	0.9751	0.0789	0.8930	0.2660
35.0000	0.7362	0.7328	0.0287	0.4596	0.7979	0.1219	0.0000	2.8889	0.3529	1.6073	0.9750	0.3123	0.0776	1.5113
37.0000	0.7442	0.7289	0.0371	0.4493	0.7822	0.0911	0.0000	2.9146	0.3417	1.6432	0.9752	0.3136	0.0573	1.5312
32.0000	0.7421	0.7298	0.0362	0.4691	0.7796	0.0952	0.0023	2.9101	0.3584	1.6239	0.9752	0.3121	0.0585	1.5237
54.0000	0.1609	0.9399	0.7764	0.9030	0.9563	0.8857	0.7788	0.5045	0.8971	0.2517	0.9731	0.0884	0.8732	0.3104
56.0000	0.1567	0.9415	0.8025	0.9079	0.9554	0.8869	0.7946	0.4775	0.9025	0.2442	0.9735	0.0866	0.8775	0.2969
66.0000	0.1396	0.9480	0.8075	0.9121	0.9648	0.8990	0.8244	0.4258	0.9082	0.2328	0.9762	0.0764	0.8910	0.2616
55.0000	0.1544	0.9417	0.8005	0.8980	0.9572	0.8858	0.7985	0.4550	0.8928	0.2565	0.9741	0.0848	0.8730	0.3023
36.0000	0.7325	0.7318	0.0377	0.4677	0.7858	0.1174	0.0029	2.8809	0.3587	1.5894	0.9749	0.3107	0.0724	1.5009
38.0000	0.7435	0.7298	0.0324	0.4573	0.7877	0.0897	0.0005	2.9285	0.3508	1.6314	0.9766	0.3132	0.0568	1.5315
67.0000	0.1415	0.9475	0.8145	0.9100	0.9622	0.8988	0.8251	0.4450	0.9056	0.2372	0.9750	0.0788	0.8939	0.2570
57.0000	0.1603	0.9407	0.7796	0.9035	0.9583	0.8860	0.7779	0.5147	0.8997	0.2561	0.9725	0.0874	0.8787	0.3031
33.0000	0.7419	0.7294	0.0407	0.4542	0.7791	0.0985	0.0000	2.9095	0.3486	1.6385	0.9753	0.3135	0.0610	1.5175
56.0000	0.1568	0.9418	0.8001	0.9025	0.9588	0.8894	0.7968	0.4744	0.8956	0.2509	0.9735	0.0858	0.8796	0.3029
68.0000	0.1395	0.9486	0.8330	0.9110	0.9639	0.9010	0.8344	0.4149	0.9072	0.2240	0.9769	0.0774	0.8900	0.2676
58.0000	0.1531	0.9432	0.7924	0.9036	0.9606	0.8900	0.7915	0.4912	0.8985	0.2489	0.9742	0.0862	0.8812	0.2808
39.0000	0.7436	0.7297	0.0309	0.4512	0.7928	0.0994	0.0000	2.8987	0.3523	1.6287	0.9755	0.3145	0.0605	1.5269
37.0000	0.7318	0.7317	0.0459	0.4696	0.7786	0.1287	0.0034	2.8937	0.3583	1.6015	0.9717	0.3102	0.0829	1.4911
69.0000	0.1365	0.9481	0.8131	0.9193	0.9629	0.8960	0.8136	0.4140	0.9141	0.2114	0.9755	0.0766	0.8910	0.2631
57.0000	0.1550	0.9416	0.7763	0.8981	0.9574	0.8857	0.7762	0.5095	0.8962	0.2472	0.9740	0.0852	0.8738	0.2986
34.0000	0.7405	0.7303	0.0380	0.4625	0.7798	0.1075	0.0013	2.8996	0.3564	1.6223	0.9748	0.3134	0.0670	1.5088
59.0000	0.1534	0.9416	0.7899	0.9062	0.9570	0.8849	0.7936	0.4877	0.8981	0.2434	0.9724	0.0860	0.8753	0.2950
70.0000	0.1298	0.9516	0.8327	0.9237	0.9646	0.9040	0.8303	0.4077	0.9190	0.2034	0.9779	0.0729	0.8961	0.2448
40.0000	0.7421	0.7300	0.0355	0.4648	0.7805	0.0917	0.0009	2.8988	0.3526	1.6257	0.9766	0.3136	0.0552	1.5229
38.0000	0.7297	0.7321	0.0343	0.4672	0.7915	0.1279	0.0029	2.8340	0.3634	1.5888	0.9737	0.3107	0.0783	1.4925
58.0000	0.1542	0.9432	0.7920	0.9038	0.9602	0.8884	0.7998	0.4919	0.9015	0.2523	0.9734	0.0839	0.8808	0.2941
60.0000	0.1494	0.9433	0.7886	0.9056	0.9603	0.8897	0.7995	0.4627	0.9004	0.2440	0.9732	0.0830	0.8830	0.2822
71.0000	0.1309	0.9509	0.8447	0.9204	0.9640	0.9020	0.8534	0.3777	0.9168	0.2055	0.9767	0.0739	0.8936	0.2492
35.0000	0.7390	0.7317	0.0413	0.4660	0.7856	0.1046	0.0013	2.9055	0.3630	1.6090	0.9760	0.3121	0.0659	1.5215
59.0000	0.1541	0.9425	0.7998	0.9097	0.9594	0.8909	0.7870	0.4833	0.9059	0.2352	0.9740	0.0855	0.8810	0.2922
41.0000	0.7408	0.7292	0.0334	0.4627	0.7833	0.0836	0.0000	2.9042	0.3534	1.6279	0.9762	0.3132	0.0513	1.5256
72.0000	0.1280	0.9513	0.8384	0.9211	0.9649	0.9034	0.8406	0.3891	0.9216	0.1932	0.9757	0.0732	0.9006	0.2377
39.0000	0.7313	0.7313	0.0366	0.4634	0.7841	0.1278	0.0029	2.8760	0.3526	1.6029	0.9728	0.3097	0.0786	1.4930
61.0000	0.1450	0.9460	0.8027	0.9132	0.9612	0.8954	0.8016	0.4805	0.9056	0.2353	0.9748	0.0810	0.8905	0.2608
73.0000	0.1307	0.9527	0.8260	0.9277	0.9658	0.9072	0.8308	0.4029	0.9236	0.2003	0.9776	0.0727	0.8996	0.2516
60.0000	0.1475	0.9458	0.8012	0.9124	0.9630	0.8959	0.8080	0.4577	0.9044	0.2366	0.9757	0.0823	0.8865	0.2759
36.0000	0.7396	0.7309	0.0293	0.4466	0.7981	0.1113	0.0019	2.8919	0.3514	1.6167	0.9749	0.3131	0.0703	1.5175
62.0000	0.1473	0.9436	0.8164	0.9062	0.9597	0.8836	0.8094	0.4406	0.9009	0.2380	0.9732	0.0827	0.8804	0.2813
42.0000	0.7410	0.7291	0.0370	0.4616	0.7788	0.0965	0.0022	2.9008	0.3499	1.6108	0.9746	0.3127	0.0603	1.5246
40.0000	0.7298	0.7324	0.0394	0.4674	0.7891	0.1282	0.0044	2.8637	0.3599	1.5911	0.9725	0.3114	0.0819	1.4895
74.0000	0.1310	0.9519	0.8307	0.9192	0.9666	0.9036	0.8423	0.3976	0.9181	0.2182	0.9766	0.0740	0.8998	0.2467
61.0000	0.1460	0.9468	0.8172	0.9138	0.9608	0.8970	0.8053	0.4669	0.9086	0.2278	0.9752	0.0804	0.8897	0.2817
63.0000	0.1449	0.9464	0.7980	0.9157	0.9606	0.8959	0.8011	0.4955	0.9148	0.2274	0.9747	0.0802	0.8885	0.2701
75.0000	0.1267	0.9526	0.8278	0.9219	0.9648	0.9201	0.1993	0.9768	0.0728	0.9049	0.2284	0.9091	0.8323	0.4051
37.0000	0.7386	0.7317	0.0345	0.4768	0.7827	0.1262	0.0000	2.9115	0.3610	1.6033	0.9733	0.3122	0.0793	1.5128
43.0000	0.7397	0.7294	0.0288	0.4560	0.7870	0.1075	0.0009	2.8835	0.3468	1.6250	0.9743	0.3138	0.0649	1.5117
41.0000	0.7269	0.7335	0.0434	0.4635	0.7848	0.1493	0.0049	2.8368	0.3567	1.5830	0.9720	0.3097	0.0932	1.4852
62.0000	0.1463	0.9461	0.8127	0.9071	0.9611	0.8965	0.8204	0.4440	0.9031	0.2349	0.9746	0.0817	0.8888	0.2795
64.0000	0.1443	0.9461	0.8041	0.9105	0.9605	0.8959	0.8117	0.4597	0.9089	0.2286	0.9738	0.0802	0.8924	0.2683
76.0000	0.1257	0.9540	0.8464	0.9236	0.9666	0.9074	0.8469	0.3759	0.9196	0.2004	0.9782	0.0702	0.9067	0.2366
44.0000	0.7387	0.7306	0.0339	0.4702	0.7818	0.1054	0.0000	2.8762	0.3603	1.6061	0.9749	0.3144	0.0638	1.5143
63.0000	0.1424	0.9477	0.8242	0.9167	0.9618	0.8961	0.8209	0.4357	0.9116	0.2256	0.9760	0.0788	0.8877	0.2723
77.0000	0.1255	0.9534	0.8476	0.9231	0.9657	0.9062	0.8411	0.3828	0.9234	0.1928	0.9779	0.0702	0.8983	0.2478
38.0000	0.7351	0.7322	0.0416	0.4743	0.7756	0.1078	0.0000	2.8981	0.3605	1.6111	0.9760	0.3108	0.0664	1.5080
65.0000	0.1454	0.9455	0.8219	0.9096	0.9621	0.8944	0.8256	0.3959	0.9076	0.2296	0.9739	0.0820	0.8882	0.2773
42.0000	0.7273	0.7334	0.0447	0.4683	0.7891	0.1330	0.0078	2.8504	0.3585	1.5969	0.9734	0.3094	0.0835	1.4882
78.0000	0.1243	0.9545	0.8533	0.9267	0.9669	0.9108	0.8595	0.3847	0.9264	0.1949	0.9779	0.0700	0.9035	0.2332
64.0000	0.1410	0.9476	0.8174	0.9113	0.9633	0.9000	0.8196	0.4201	0.9099	0.2234	0.9761	0.0784	0.8914	0.2629
66.0000	0.1402	0.9484	0.8070	0.9188	0.9611	0.8991	0.7984	0.4496	0.9149	0.2246	0.9755	0.0795	0.8925	0.2582
45.0000	0.7373	0.7315	0.0311	0.4614	0.7952	0.1077	0.0009	2.8654	0.3590	1.6113	0.9758	0.3107	0.0666	1.5171
79.0000	0.1230	0.9555	0.8483	0.9270	0.9673	0.9117	0.8457	0.3625	0.9231	0.2022	0.9796	0.0682	0.9078	0.2267
39.0000	0.7349	0.7326	0.0407	0.4640	0.7902	0.1190	0.0072	2.8949	0.3561	1.6082	0.9747	0.3117	0.0739	1.5025
43.0000	0.7255	0.7342	0.0350	0.4708	0.8026	0.1509	0.0076	2.8541	0.3639	1.5825	0.9708	0.3093	0.0990	1.4836
65.0000	0.1400	0.9474	0.8040	0.9136	0.9619	0.8976	0.7935	0.4841	0.9091	0.2229	0.9757	0.0783	0.8897	0.2612
67.0000	0.1375	0.9505	0.8333	0.9204	0.9641	0.9188	0.2114	0.9773	0.0775	0.8946	0.2586	0.9048	0.8245	0.4303
80.0000	0.1232	0.9547	0.8562	0.9272	0.9668	0.9091	0.8598	0.3681	0.9271	0.1880	0.9781	0.0690	0.9060	0.2354
46.0000	0.7389	0.7304	0.0299	0.4585	0.7911	0.1187	0.0005	2.8729	0.3574	1.6282	0.9735	0.3135	0.0740	1.5123
66.0000	0.1378	0.9497	0.8213	0.9197	0.9620	0.9053	0.8200	0.4466	0.9118	0.2310	0.9775	0.0760	0.8951	0.2514
68.0000	0.1372	0.9495	0.8241	0.9178	0.9633	0.9027	0.8275	0.4080	0.9158	0.2159	0.9751	0.0781	0.8983	0.2554
44.0000	0.7257	0.7338	0.0429	0.4640	0.7917	0.1451	0.0101	2.8262	0.3553	1.5964	0.9725	0.3084	0.0909	1.4786
40.0000	0.7357	0.7314	0.0514	0.4723	0.7783	0.1158	0.0075	2.8607	0.3640	1.6053	0.9736	0.3119	0.0711	1.5111
81.0000	0.1202	0.9543	0.8356	0.9245	0.9667	0.9108	0.8337	0.3775	0.9227	0.1977	0.9790	0.0657	0.9049	0.2278
47.0000	0.7376	0.7314	0.0340	0.4639	0.7880	0.1191	0.0020	2.8758	0.3566	1.6073	0.9741	0.3123	0.0752	1.5121
82.0000	0.1190	0.9564	0.8558	0.9270	0.9685	0.9151	0.8573	0.3574	0.9259	0.1863	0.9791	0.0672	0.9108	0.2231
67.0000	0.1371	0.9487	0.8168	0.9192	0.9618	0.8953	0.8149	0.4381	0.9126	0.2174	0.9761	0.0764	0.8910	0.2648
69.0000	0.1407	0.9479	0.8267	0.9109	0.9614	0.8986	0.8326	0.4164	0.9147	0.2229	0.9751	0.0784	0.8890	0.2659
45.0000	0.7234	0.7336	0.0545	0.4691	0.7936	0.1489	0.0188	2.8023	0.3593	1.5756	0.9706	0.3104	0.0980	1.4756
41.0000	0.7349	0.7314	0.0426	0.4682	0.7858	0.1129	0.0064	2.8957	0.3595	1.6205	0.9749	0.3106	0.0690	1.5087
83.0000	0.1167	0.9564	0.8607	0.9288	0.9678	0.9119	0.8712	0.3207	0.9292	0.1746	0.9788	0.0670	0.9058	0.2261
68.0000	0.1416	0.9480	0.8023	0.9145	0.9619	0.9009	0.8086	0.4318	0.9087	0.2231	0.9763	0.0789	0.8918	0.2677
70.0000	0.1365	0.9490	0.8123	0.9143	0.9636	0.8980	0.8173	0.4244	0.9099	0.2197	0.9755	0.0770	0.8973	0.2511
48.0000	0.7347	0.7317	0.0259	0.4589	0.8028	0.1265	0.0000	2.8649	0.3619	1.6048	0.9725	0.3116	0.0800	1.5073
84.0000	0.1178	0.9575	0.8570	0.9275	0.9696	0.9158	0.8533	0.3657	0.9288	0.1885	0.9802	0.0672	0.9111	0.2135
46.0000	0.7220	0.7342	0.0548	0.4707	0.7838	0.3540	1.5698	0.9718	0.3079	0.0962	1.4874	0.1516	0.0157	2.8401
69.0000	0.1335	0.9508	0.8194	0.9207	0.9654	0.9078	0.8209	0.4407	0.9182	0.2002	0.9771	0.0745	0.8998	0.2483
71.0000	0.1342	0.9505	0.8237	0.9229	0.9626	0.8991	0.8257	0.4116	0.9207	0.2007	0.9769	0.0762	0.8932	0.2589
42.0000	0.7320	0.7322	0.0425	0.4746	0.7838	0.1230	0.0048	2.8925	0.3620	1.5941	0.9734	0.3107	0.0765	1.4989
85.0000	0.1187	0.9572	0.8377	0.9229	0.9685	0.9187	0.8468	0.3907	0.9194	0.1971	0.9801	0.0666	0.9117	0.2159
49.0000	0.7359	0.7312	0.0434	0.4695	0.7782	0.1152	0.0048	2.8717	0.3585	1.6108	0.9737	0.3113	0.0715	1.5184
72.0000	0.1344	0.9510	0.8602	0.9255	0.9643	0.9248	0.2053	0.9770	0.0760	0.8938	0.2541	0.8992	0.8518	0.3629
70.0000	0.1321	0.9507	0.8240	0.9163	0.9640	0.9022	0.8283	0.4062	0.9122	0.2135	0.9767	0.0744	0.8968	0.2549
86.0000	0.1163	0.9575	0.8483	0.9285	0.9691	0.9200	0.8534	0.3508	0.9259	0.1892	0.9791	0.0666	0.9176	0.2139
47.0000	0.7207	0.7353	0.0474	0.4720	0.8035	0.1599	0.0157	2.8524	0.3712	1.5650	0.9708	0.3068	0.1029	1.4692
50.0000	0.7340	0.7314	0.0417	0.4600	0.7852	0.1174	0.0021	2.8739	0.3545	1.6089	0.9736	0.3126	0.0740	1.5068
43.0000	0.7335	0.7318	0.0560	0.4666	0.7831	0.3528	1.6104	0.9717	0.3098	0.0896	1.5022	0.1406	0.0133	2.8588
87.0000	0.1142	0.9586	0.8527	0.9309	0.9689	0.9221	0.8614	0.3655	0.9280	0.1853	0.9807	0.0651	0.9143	0.2041
73.0000	0.1299	0.9518	0.8382	0.9229	0.9660	0.9052	0.8470	0.3825	0.9193	0.1986	0.9772	0.0738	0.8982	0.2435
71.0000	0.1263	0.9540	0.8297	0.9185	0.9665	0.9181	0.8256	0.4171	0.9153	0.2085	0.9793	0.0717	0.9087	0.2255
48.0000	0.7215	0.7342	0.0579	0.4678	0.7952	0.1542	0.0208	2.8283	0.3553	1.5737	0.9707	0.3085	0.1008	1.4757
88.0000	0.1128	0.9580	0.8644	0.9298	0.9692	0.9192	0.8646	0.3440	0.9255	0.1724	0.9802	0.0646	0.9157	0.2045
74.0000	0.1283	0.9528	0.8230	0.9155	0.9667	0.9092	0.8274	0.3956	0.9158	0.2076	0.9779	0.0720	0.9047	0.2359
51.0000	0.7330	0.7329	0.0363	0.4654	0.7892	0.1325	0.0033	2.8794	0.3577	1.6120	0.9733	0.3113	0.0841	1.4954
72.0000	0.1297	0.9517	0.8176	0.9147	0.9639	0.9099	0.8282	0.4144	0.9118	0.2119	0.9783	0.0715	0.8989	0.2437
44.0000	0.7314	0.7334	0.0456	0.4703	0.7837	0.1270	0.0091	2.8670	0.3616	1.5996	0.9751	0.3107	0.0778	1.4977
89.0000	0.1118	0.9583	0.8616	0.9292	0.9703	0.9152	0.8677	0.3168	0.9294	0.1822	0.9811	0.0629	0.9063	0.2159
75.0000	0.1296	0.9519	0.8343	0.9205	0.9653	0.9082	0.8345	0.3944	0.9202	0.1960	0.9771	0.0733	0.9034	0.2442
49.0000	0.7189	0.7361	0.0562	0.4593	0.8056	0.1711	0.0214	2.8174	0.3665	1.5474	0.9708	0.3063	0.1097	1.4738
73.0000	0.1304	0.9525	0.8355	0.9204	0.9650	0.9103	0.8360	0.3969	0.9179	0.2084	0.9781	0.0726	0.9030	0.2424
52.0000	0.7320	0.7322	0.0459	0.4767	0.7768	0.1236	0.0091	2.8150	0.3617	1.5947	0.9737	0.3121	0.0777	1.5036
90.0000	0.1145	0.9581	0.8531	0.9284	0.9707	0.9178	0.8516	0.3729	0.9265	0.1837	0.9801	0.0639	0.9144	0.2159
45.0000	0.7307	0.7336	0.0426	0.4676	0.7906	0.1248	0.0097	2.8459	0.3601	1.5970	0.9758	0.3098	0.0783	1.4972
76.0000	0.1262	0.9541	0.8278	0.9203	0.9670	0.9128	0.8388	0.4025	0.9207	0.2017	0.9782	0.0696	0.9076	0.2355
74.0000	0.1262	0.9532	0.8227	0.9234	0.9651	0.9107	0.8348	0.3792	0.9185	0.1989	0.9780	0.0704	0.9041	0.2401
91.0000	0.1128	0.9605	0.8579	0.9326	0.9721	0.9240	0.8649	0.3401	0.9318	0.1863	0.9817	0.0621	0.9188	0.2126
50.0000	0.7193	0.7346	0.0498	0.4743	0.7900	0.1661	0.0167	2.8372	0.3619	1.5673	0.9692	0.3078	0.1062	1.4689
53.0000	0.7336	0.7317	0.0383	0.4563	0.7908	0.1220	0.0028	2.8814	0.3527	1.6132	0.9735	0.3104	0.0766	1.5126
92.0000	0.1098	0.9599	0.8606	0.9341	0.9715	0.9217	0.9364	0.1714	0.9810	0.0628	0.9161	0.1993	0.8575	0.3429
77.0000	0.1255	0.9532	0.8348	0.9237	0.9652	0.9094	0.8384	0.4034	0.9256	0.1914	0.9770	0.0708	0.9041	0.2329
75.0000	0.1292	0.9514	0.8094	0.9217	0.9641	0.9090	0.9190	0.2009	0.9779	0.0718	0.9009	0.2354	0.8181	0.4405
46.0000	0.7298	0.7335	0.0512	0.4671	0.7875	0.1469	0.0168	2.8731	0.3528	1.6023	0.9716	0.3098	0.0903	1.4935
93.0000	0.1118	0.9604	0.8629	0.9339	0.9718	0.9233	0.8718	0.3228	0.9341	0.1739	0.9810	0.0632	0.9189	0.2092
51.0000	0.7175	0.7351	0.0617	0.4700	0.7903	0.1637	0.0202	2.7638	0.3566	1.5703	0.9702	0.3074	0.1083	1.4636
54.0000	0.7320	0.7329	0.0344	0.4708	0.7911	0.1389	0.0040	2.8731	0.3633	1.5918	0.9722	0.3109	0.0883	1.5032
78.0000	0.1289	0.9516	0.8359	0.9218	0.9640	0.9050	0.9221	0.1992	0.9762	0.0737	0.9001	0.2416	0.8412	0.3818
76.0000	0.1214	0.9543	0.8294	0.9256	0.9657	0.9131	0.8250	0.3807	0.9240	0.1816	0.9787	0.0692	0.9049	0.2303
94.0000	0.1104	0.9605	0.8561	0.9311	0.9731	0.9226	0.8604	0.3506	0.9346	0.1690	0.9814	0.0618	0.9196	0.2052
79.0000	0.1258	0.9537	0.8334	0.9253	0.9662	0.9210	0.1945	0.9781	0.0706	0.9070	0.2376	0.9118	0.8331	0.3963
47.0000	0.7273	0.7337	0.0436	0.4699	0.7915	0.1432	0.0086	2.8441	0.3654	1.5875	0.9715	0.3100	0.0902	1.4889
77.0000	0.1231	0.9546	0.8362	0.9252	0.9677	0.9121	0.8303	0.3833	0.9235	0.1954	0.9795	0.0692	0.9045	0.2307
52.0000	0.7170	0.7341	0.0573	0.4675	0.7957	0.1603	0.0202	2.7961	0.3660	1.5616	0.9691	0.3056	0.1019	1.4687
55.0000	0.7311	0.7313	0.0432	0.4645	0.7841	0.1377	0.0081	2.8427	0.3559	1.5992	0.9709	0.3104	0.0880	1.4980
95.0000	0.1123	0.9597	0.8672	0.9363	0.9698	0.9199	0.8652	0.3483	0.9367	0.1718	0.9803	0.0633	0.9175	0.2091
80.0000	0.1234	0.9535	0.8375	0.9229	0.9654	0.9102	0.8422	0.4073	0.9192	0.1976	0.9781	0.0693	0.8998	0.2317
96.0000	0.1113	0.9595	0.8498	0.9331	0.9696	0.9231	0.8603	0.3331	0.9316	0.1744	0.9805	0.0635	0.9196	0.2017
78.0000	0.1243	0.9545	0.8390	0.9231	0.9675	0.9121	0.8389	0.3879	0.9209	0.1930	0.9795	0.0681	0.9020	0.2422
56.0000	0.7303	0.7329	0.0354	0.4681	0.7908	0.1222	0.0056	2.8672	0.3612	1.5983	0.9741	0.3101	0.0747	1.4988
48.0000	0.7283	0.7334	0.0534	0.4762	0.7810	0.1350	0.0149	2.8407	0.3601	1.5842	0.9734	0.3093	0.0833	1.4943
53.0000	0.7145	0.7370	0.0654	0.4860	0.7836	0.1650	0.0221	2.7760	0.3666	1.5394	0.9723	0.3066	0.1061	1.4646
97.0000	0.1074	0.9614	0.8685	0.9415	0.9708	0.9261	0.8660	0.3361	0.9398	0.1653	0.9818	0.0618	0.9177	0.1977
81.0000	0.1217	0.9558	0.8503	0.9224	0.9682	0.9216	0.1895	0.9794	0.0688	0.9055	0.2312	0.9125	0.8549	0.3662
79.0000	0.1248	0.9538	0.8328	0.9241	0.9677	0.9090	0.8331	0.4092	0.9225	0.1897	0.9786	0.0697	0.9049	0.2381
98.0000	0.1089	0.9605	0.8684	0.9358	0.9721	0.9209	0.8668	0.3348	0.9362	0.1715	0.9815	0.0615	0.9165	0.2038
57.0000	0.7309	0.7329	0.0402	0.4658	0.7879	0.1407	0.0031	2.8637	0.3591	1.5955	0.9724	0.3098	0.0889	1.5054
82.0000	0.1202	0.9564	0.8459	0.9254	0.9686	0.9153	0.8477	0.3849	0.9273	0.1930	0.9784	0.0690	0.9105	0.2181
54.0000	0.7133	0.7361	0.0548	0.4759	0.7977	0.1661	0.0174	2.7867	0.3755	1.5435	0.9706	0.3045	0.1077	1.4593
49.0000	0.7254	0.7339	0.0580	0.4751	0.7845	0.1332	0.0165	2.8290	0.3623	1.5821	0.9732	0.3082	0.0835	1.4933
80.0000	0.1234	0.9540	0.8317	0.9295	0.9669	0.9113	0.9175	0.1925	0.9792	0.0694	0.9019	0.2314	0.8369	0.4070
99.0000	0.1117	0.9588	0.8526	0.9272	0.9710	0.9212	0.8702	0.3269	0.9262	0.1741	0.9807	0.0636	0.9161	0.2071
83.0000	0.1172	0.9574	0.8523	0.9306	0.9701	0.9162	0.8601	0.3426	0.9320	0.1805	0.9796	0.0677	0.9093	0.2196
58.0000	0.7284	0.7322	0.0485	0.4680	0.7826	0.1256	0.0107	2.8379	0.3601	1.5924	0.9724	0.3117	0.0801	1.4884
81.0000	0.1208	0.9548	0.8254	0.9201	0.9673	0.9149	0.8361	0.3853	0.9177	0.1990	0.9792	0.0667	0.9110	0.2214
55.0000	0.7136	0.7355	0.0600	0.4730	0.7875	0.1725	0.0186	2.7987	0.3608	1.5616	0.9692	0.3053	0.1117	1.4524
50.0000	0.7248	0.7332	0.0601	0.4725	0.7863	0.1424	0.0180	2.8591	0.3666	1.5746	0.9714	0.3088	0.0903	1.4837
84.0000	0.1190	0.9574	0.8474	0.9284	0.9696	0.9161	0.8506	0.3674	0.9294	0.1912	0.9797	0.0680	0.9076	0.2249
82.0000	0.1161	0.9568	0.8432	0.9334	0.9675	0.9153	0.8500	0.3597	0.9318	0.1751	0.9801	0.0652	0.9066	0.2208
59.0000	0.7282	0.7316	0.0430	0.4654	0.7836	0.1339	0.0046	2.8339	0.3601	1.5906	0.9712	0.3097	0.0831	1.4978
56.0000	0.7124	0.7368	0.0625	0.4727	0.7926	0.1833	0.0221	2.7641	0.3635	1.5423	0.9691	0.3058	0.1190	1.4584
85.0000	0.1159	0.9566	0.8463	0.9305	0.9684	0.9130	0.8572	0.3471	0.9272	0.1807	0.9792	0.0655	0.9089	0.2203
51.0000	0.7250	0.7331	0.0543	0.4601	0.7899	0.1471	0.0136	2.8228	0.3592	1.5734	0.9712	0.3078	0.0929	1.4899
83.0000	0.1197	0.9567	0.8504	0.9236	0.9680	0.9179	0.8468	0.3711	0.9220	0.2016	0.9801	0.0660	0.9120	0.2219
60.0000	0.7268	0.7334	0.0358	0.4613	0.8035	0.1453	0.0080	2.8489	0.3620	1.5923	0.9712	0.3094	0.0922	1.4896
86.0000	0.1144	0.9584	0.8588	0.9286	0.9706	0.9173	0.8615	0.3580	0.9261	0.1796	0.9809	0.0640	0.9110	0.2162
57.0000	0.7107	0.7358	0.0643	0.4819	0.7862	0.1734	0.0228	2.7408	0.3678	1.5258	0.9694	0.3057	0.1110	1.4555
84.0000	0.1182	0.9562	0.8408	0.9291	0.9699	0.8480	0.3957	0.9799	0.0660	0.9067	0.2178	0.9132	0.9262	0.1869
52.0000	0.7247	0.7336	0.0510	0.4567	0.7986	0.1413	0.0176	2.8414	0.3522	1.5906	0.9725	0.3090	0.0895	1.4853
87.0000	0.1139	0.9572	0.8547	0.9321	0.9683	0.9165	0.8547	0.3481	0.9326	0.1757	0.9791	0.0651	0.9118	0.2090
61.0000	0.7276	0.7334	0.0604	0.4706	0.7841	0.1445	0.0141	2.7964	0.3646	1.5726	0.9713	0.3111	0.0929	1.4923
85.0000	0.1157	0.9583	0.8619	0.9285	0.9689	0.9190	0.8573	0.3446	0.9290	0.1922	0.9803	0.0647	0.9140	0.2142
58.0000	0.7112	0.7365	0.0645	0.4748	0.7980	0.1716	0.0260	2.7342	0.3667	1.5302	0.9707	0.3047	0.1106	1.4600
88.0000	0.1163	0.9563	0.8593	0.9283	0.9683	0.9160	0.8629	0.3329	0.9265	0.1855	0.9782	0.0675	0.9129	0.2090
53.0000	0.7227	0.7332	0.0611	0.4730	0.7848	0.1395	0.0244	2.7511	0.3608	1.5770	0.9721	0.3093	0.0860	1.4843
62.0000	0.7259	0.7335	0.0462	0.4741	0.7874	0.1375	0.0074	2.7984	0.3685	1.5834	0.9715	0.3109	0.0852	1.4828
86.0000	0.1166	0.9566	0.8610	0.9276	0.9669	0.9154	0.8602	0.3483	0.9248	0.1892	0.9803	0.0655	0.9056	0.2137
59.0000	0.7091	0.7368	0.0629	0.4779	0.7894	0.1773	0.0192	2.7530	0.3696	1.5244	0.9692	0.3070	0.1148	1.4477
89.0000	0.1171	0.9563	0.8639	0.9279	0.9670	0.9134	0.8622	0.3296	0.9280	0.1864	0.9784	0.0675	0.9090	0.2180
87.0000	0.1152	0.9582	0.8598	0.9316	0.9684	0.9187	0.8530	0.3848	0.9315	0.1705	0.9800	0.0654	0.9103	0.2173
54.0000	0.7229	0.7348	0.0600	0.4711	0.7892	0.1396	0.0183	2.8216	0.3641	1.5702	0.9736	0.3062	0.0873	1.4893
63.0000	0.7266	0.7341	0.0472	0.4741	0.7862	0.1457	0.0088	2.8105	0.3691	1.5716	0.9725	0.3080	0.0924	1.5008
90.0000	0.1130	0.9580	0.8462	0.9286	0.9697	0.9185	0.8550	0.3385	0.9269	0.1737	0.9796	0.0643	0.9138	0.2172
60.0000	0.7091	0.7357	0.0501	0.4758	0.8031	0.1824	0.0212	2.7572	0.3722	1.5262	0.9668	0.3042	0.1189	1.4503
88.0000	0.1131	0.9583	0.8605	0.9338	0.9694	0.9321	0.1773	0.9804	0.0634	0.9112	0.2110	0.9162	0.8570	0.3699
64.0000	0.7249	0.7338	0.0574	0.4802	0.7892	0.1500	0.0166	2.7950	0.3793	1.5658	0.9695	0.3098	0.0944	1.4863
91.0000	0.1134	0.9590	0.8471	0.9325	0.9691	0.9228	0.8515	0.3709	0.9285	0.1834	0.9807	0.0645	0.9175	0.2033
55.0000	0.7205	0.7343	0.0570	0.4614	0.7995	0.1471	0.0217	2.7904	0.3555	1.5788	0.9713	0.3084	0.0937	1.4802
89.0000	0.1127	0.9591	0.8426	0.9314	0.9706	0.9219	0.9315	0.1709	0.9813	0.0643	0.9139	0.2109	0.8489	0.3520
61.0000	0.7082	0.7384	0.0729	0.4776	0.8003	0.1806	0.0349	2.7391	0.3716	1.5331	0.9704	0.3038	0.1170	1.4568
92.0000	0.1095	0.9597	0.8674	0.9323	0.9707	0.9241	0.8744	0.3260	0.9319	0.1756	0.9792	0.0638	0.9215	0.1975
65.0000	0.7237	0.7336	0.0442	0.4683	0.7976	0.1490	0.0083	2.7919	0.3695	1.5660	0.9702	0.3095	0.0945	1.4844
90.0000	0.1133	0.9581	0.8509	0.9238	0.9708	0.9189	0.8555	0.3690	0.9258	0.1815	0.9801	0.0642	0.9155	0.2076
56.0000	0.7209	0.7352	0.0635	0.4675	0.7950	0.3583	1.5704	0.9718	0.3081	0.0954	1.4843	0.1473	0.0232	2.7927
93.0000	0.1119	0.9598	0.8428	0.9267	0.9727	0.9243	0.8543	0.3354	0.9291	0.1765	0.9806	0.0637	0.9221	0.2059
62.0000	0.7066	0.7378	0.0674	0.4882	0.7906	0.1900	0.0246	2.7531	0.3790	1.5127	0.9685	0.3049	0.1213	1.4467
91.0000	0.1097	0.9599	0.8631	0.9327	0.9694	0.9242	0.8632	0.3486	0.9278	0.1753	0.9815	0.0617	0.9157	0.2050
66.0000	0.7232	0.7335	0.0595	0.4711	0.7834	0.1489	0.0141	2.8049	0.3637	1.5750	0.9709	0.3082	0.0943	1.4896
94.0000	0.1107	0.9587	0.8721	0.9326	0.9689	0.9216	0.8700	0.3332	0.9351	0.1671	0.9791	0.0652	0.9158	0.2005
57.0000	0.7191	0.7352	0.0623	0.4711	0.7982	0.1449	0.0280	2.7691	0.3654	1.5706	0.9722	0.3073	0.0934	1.4759
63.0000	0.7057	0.7374	0.0741	0.4828	0.7995	0.1851	0.0351	2.7289	0.3827	1.5068	0.9679	0.3033	0.1200	1.4474
92.0000	0.1111	0.9589	0.8723	0.9296	0.9704	0.9184	0.8676	0.3323	0.9317	0.1697	0.9809	0.0621	0.9117	0.2118
67.0000	0.7225	0.7332	0.0533	0.4792	0.7823	0.1488	0.0110	2.8195	0.3675	1.5665	0.9702	0.3082	0.0940	1.4872
95.0000	0.1108	0.9597	0.8605	0.9346	0.9704	0.9186	0.8608	0.3294	0.9341	0.1746	0.9804	0.0629	0.9152	0.2108
58.0000	0.7186	0.7347	0.0631	0.4685	0.7849	0.1695	0.0177	2.7908	0.3580	1.5715	0.9701	0.3070	0.1082	1.4643
93.0000	0.1133	0.9594	0.8472	0.9283	0.9708	0.9288	0.1799	0.9804	0.0651	0.9216	0.1985	0.9251	0.8563	0.3520
64.0000	0.7047	0.7383	0.0833	0.4849	0.7915	0.3754	1.5103	0.9677	0.3047	0.1252	1.4463	0.1928	0.0407	2.6722
96.0000	0.1078	0.9593	0.8687	0.9359	0.9694	0.9189	0.8682	0.3308	0.9322	0.1664	0.9806	0.0612	0.9139	0.2029
68.0000	0.7197	0.7352	0.0531	0.4834	0.7829	0.3733	1.5528	0.9713	0.3075	0.1005	1.4787	0.1593	0.0110	2.8045
94.0000	0.1104	0.9585	0.8602	0.9331	0.9690	0.9194	0.8675	0.3357	0.9326	0.1718	0.9807	0.0621	0.9103	0.2115
59.0000	0.7188	0.7356	0.0619	0.4810	0.7888	0.1537	0.0189	2.7703	0.3712	1.5538	0.9719	0.3070	0.0977	1.4772
97.0000	0.1117	0.9583	0.8450	0.9303	0.9706	0.9175	0.8502	0.3518	0.9352	0.1621	0.9805	0.0632	0.9109	0.2155
65.0000	0.7015	0.7386	0.0693	0.4799	0.7940	0.1940	0.0233	2.7144	0.3740	1.5104	0.9684	0.3023	0.1277	1.4357
69.0000	0.7194	0.7340	0.0481	0.4723	0.7918	0.1618	0.0115	2.7836	0.3674	1.5673	0.9696	0.3085	0.1046	1.4712
95.0000	0.1086	0.9603	0.8610	0.9318	0.9712	0.9228	0.8584	0.3523	0.9301	0.1718	0.9813	0.0618	0.9172	0.2016
98.0000	0.1105	0.9595	0.8426	0.9372	0.9708	0.9193	0.8407	0.3481	0.9383	0.1724	0.9808	0.0623	0.9141	0.2083
60.0000	0.7162	0.7367	0.0644	0.4794	0.7919	0.1669	0.0217	2.8007	0.3644	1.5581	0.9713	0.3051	0.1066	1.4668
66.0000	0.7019	0.7388	0.0686	0.4827	0.8032	0.2019	0.0300	2.7180	0.3844	1.4855	0.9669	0.3034	0.1318	1.4391
96.0000	0.1099	0.9602	0.8524	0.9358	0.9716	0.9234	0.8575	0.3555	0.9366	0.1692	0.9819	0.0610	0.9133	0.2082
70.0000	0.7183	0.7335	0.0443	0.4783	0.7917	0.1572	0.0123	2.8106	0.3673	1.5614	0.9677	0.3080	0.1020	1.4694
99.0000	0.1101	0.9602	0.8773	0.9307	0.9717	0.9206	0.8893	0.2932	0.9243	0.1912	0.9813	0.0627	0.9177	0.2022
97.0000	0.1080	0.9599	0.8468	0.9338	0.9710	0.9221	0.8562	0.3327	0.9333	0.1666	0.9810	0.0606	0.9171	0.2040
61.0000	0.7159	0.7346	0.0653	0.4818	0.7820	0.1621	0.0209	2.7538	0.3678	1.5578	0.9696	0.3067	0.1031	1.4697
67.0000	0.7012	0.7379	0.0675	0.4820	0.7929	0.3671	1.5151	0.9687	0.3034	0.1224	1.4417	0.1868	0.0260	2.6996
71.0000	0.7180	0.7330	0.0439	0.4689	0.7947	0.3684	1.5492	0.9659	0.3077	0.1126	1.4728	0.1719	0.0079	2.7595
98.0000	0.1096	0.9597	0.8641	0.9367	0.9705	0.9179	0.8644	0.3525	0.9354	0.1682	0.9816	0.0617	0.9122	0.2041
62.0000	0.7165	0.7345	0.0658	0.4746	0.7910	0.1617	0.0268	2.7827	0.3635	1.5599	0.9689	0.3056	0.1030	1.4748
68.0000	0.7008	0.7378	0.0594	0.4746	0.8115	0.1908	0.0265	2.6723	0.3766	1.5062	0.9674	0.3027	0.1249	1.4366
99.0000	0.1064	0.9613	0.8571	0.9413	0.9712	0.9250	0.8647	0.3253	0.9364	0.1613	0.9821	0.0610	0.9165	0.2035
72.0000	0.7189	0.7349	0.0436	0.4792	0.7926	0.1460	0.0070	2.7908	0.3734	1.5541	0.9715	0.3056	0.0934	1.4947
63.0000	0.7165	0.7360	0.0545	0.4764	0.7992	0.1707	0.0176	2.7936	0.3697	1.5585	0.9694	0.3079	0.1128	1.4576
73.0000	0.7175	0.7370	0.0569	0.4900	0.7956	0.1675	0.0175	2.8232	0.3866	1.5291	0.9700	0.3082	0.1089	1.4660
69.0000	0.7013	0.7374	0.0819	0.4879	0.7884	0.1973	0.0326	2.6846	0.3779	1.4901	0.9660	0.3028	0.1291	1.4476
64.0000	0.7134	0.7363	0.0615	0.4808	0.7955	0.1700	0.0215	2.7595	0.3742	1.5318	0.9695	0.3064	0.1104	1.4634
74.0000	0.7170	0.7347	0.0572	0.4773	0.7897	0.1651	0.0180	2.7635	0.3699	1.5508	0.9688	0.3094	0.1042	1.4785
70.0000	0.6985	0.7393	0.0765	0.4898	0.7940	0.1970	0.0297	2.7141	0.3795	1.5014	0.9676	0.3024	0.1310	1.4215
65.0000	0.7117	0.7355	0.0517	0.4706	0.8090	0.1608	0.0218	2.7656	0.3683	1.5487	0.9696	0.3056	0.1042	1.4603
75.0000	0.7154	0.7338	0.0493	0.4819	0.7947	0.1467	0.0129	2.7754	0.3718	1.5407	0.9700	0.3052	0.0935	1.4739
71.0000	0.6962	0.7393	0.0884	0.4905	0.7855	0.3780	1.4950	0.9663	0.3022	0.1379	1.4213	0.2111	0.0379	2.6721
66.0000	0.7120	0.7364	0.0780	0.4725	0.7906	0.1666	0.0307	2.7779	0.3693	1.5468	0.9700	0.3058	0.1085	1.4488
76.0000	0.7145	0.7358	0.0551	0.4740	0.8027	0.1716	0.0211	2.7854	0.3720	1.5378	0.9683	0.3092	0.1101	1.4713
72.0000	0.6967	0.7391	0.0846	0.4920	0.7914	0.3787	1.4788	0.9652	0.3015	0.1408	1.4348	0.2131	0.0405	2.7030
67.0000	0.7118	0.7387	0.0762	0.4911	0.7881	0.1828	0.0274	2.7759	0.3822	1.5298	0.9702	0.3049	0.1156	1.4604
77.0000	0.7140	0.7369	0.0474	0.4779	0.8016	0.1615	0.3778	1.5342	0.9717	0.3050	0.1021	1.4683	0.0139	2.7844
73.0000	0.6963	0.7383	0.0790	0.4829	0.8070	0.2063	0.0392	2.6704	0.3898	1.4690	0.9644	0.3026	0.1382	1.4239
68.0000	0.7116	0.7369	0.0706	0.4718	0.7809	0.1833	0.0218	2.7520	0.3626	1.5424	0.9694	0.3055	0.1175	1.4600
78.0000	0.7144	0.7360	0.0502	0.4773	0.7951	0.3757	1.5516	0.9689	0.3060	0.1134	1.4621	0.1761	0.0138	2.7702
74.0000	0.6933	0.7392	0.0781	0.4897	0.8031	0.2000	0.0376	2.6645	0.3897	1.4736	0.9656	0.3005	0.1331	1.4262
69.0000	0.7086	0.7367	0.0613	0.4698	0.8055	0.1803	0.0305	2.7636	0.3667	1.5475	0.9684	0.3038	0.1167	1.4486
79.0000	0.7121	0.7348	0.0419	0.4693	0.8093	0.1671	0.0140	2.7649	0.3730	1.5249	0.9679	0.3074	0.1074	1.4706
75.0000	0.6948	0.7397	0.0898	0.4899	0.7958	0.2033	0.0450	2.6429	0.3800	1.4690	0.9666	0.3007	0.1336	1.4344
70.0000	0.7100	0.7364	0.0643	0.4807	0.8007	0.1769	0.0245	2.7248	0.3771	1.5317	0.9673	0.3042	0.1164	1.4638
80.0000	0.7126	0.7355	0.0560	0.4662	0.7992	0.1828	0.0199	2.7428	0.3658	1.5455	0.9670	0.3072	0.1190	1.4594
76.0000	0.6936	0.7392	0.0824	0.4886	0.7901	0.2064	0.0348	2.6691	0.3744	1.4761	0.9663	0.3018	0.1369	1.4208
81.0000	0.7118	0.7356	0.0669	0.4841	0.7880	0.1766	0.0216	2.7582	0.3766	1.5240	0.9671	0.3065	0.1158	1.4584
71.0000	0.7077	0.7370	0.0665	0.4802	0.7934	0.1802	0.0248	2.7251	0.3781	1.5176	0.9689	0.3040	0.1167	1.4550
77.0000	0.6928	0.7398	0.0922	0.4905	0.7874	0.2117	0.0399	2.6675	0.3821	1.4683	0.9663	0.3015	0.1401	1.4203
82.0000	0.7112	0.7360	0.0603	0.4841	0.7873	0.3673	1.5464	0.9690	0.3037	0.1118	1.4671	0.1726	0.0200	2.7439
72.0000	0.7079	0.7378	0.0738	0.4843	0.7872	0.1960	0.0257	2.7677	0.3728	1.5223	0.9676	0.3055	0.1278	1.4444
78.0000	0.6887	0.7424	0.0805	0.4984	0.7968	0.2195	0.0344	2.6479	0.3841	1.4531	0.9678	0.2976	0.1468	1.4230
83.0000	0.7108	0.7361	0.0674	0.4850	0.7858	0.1808	0.0203	2.7693	0.3806	1.5127	0.9672	0.3062	0.1183	1.4568
73.0000	0.7058	0.7384	0.0931	0.4919	0.7851	0.1833	0.0401	2.6833	0.3819	1.5285	0.9689	0.3038	0.1190	1.4492
79.0000	0.6892	0.7408	0.0875	0.4997	0.8016	0.2115	0.0441	2.6498	0.3915	1.4576	0.9649	0.2997	0.1427	1.4176
84.0000	0.7122	0.7362	0.0597	0.4811	0.7992	0.1879	0.0238	2.7551	0.3781	1.5300	0.9662	0.3072	0.1225	1.4536
74.0000	0.7058	0.7362	0.0707	0.4831	0.7885	0.1790	0.0260	2.7108	0.3785	1.5152	0.9677	0.3033	0.1147	1.4480
80.0000	0.6894	0.7392	0.0831	0.4985	0.8011	0.2149	0.0427	2.6434	0.3918	1.4596	0.9632	0.2988	0.1437	1.4207
85.0000	0.7089	0.7359	0.0562	0.4747	0.7973	0.3698	1.5136	0.9673	0.3060	0.1204	1.4619	0.1849	0.0171	2.7181
75.0000	0.7035	0.7399	0.0779	0.4976	0.7857	0.1933	0.0281	2.6974	0.3857	1.5123	0.9689	0.3027	0.1262	1.4485
81.0000	0.6877	0.7411	0.0871	0.4906	0.8032	0.2157	0.0401	2.6469	0.3861	1.4550	0.9649	0.2992	0.1466	1.4129
86.0000	0.7087	0.7359	0.0587	0.4736	0.7994	0.1891	0.0257	2.7412	0.3702	1.5253	0.9666	0.3045	0.1223	1.4497
76.0000	0.7053	0.7376	0.0826	0.4825	0.7889	0.2019	0.0358	2.7048	0.3715	1.5288	0.9667	0.3024	0.1324	1.4393
82.0000	0.6877	0.7410	0.1005	0.5034	0.7903	0.2172	0.0476	2.6378	0.3949	1.4582	0.9639	0.2993	0.1454	1.4146
87.0000	0.7093	0.7385	0.0602	0.4852	0.8035	0.1789	0.0217	2.7296	0.3883	1.5168	0.9697	0.3041	0.1149	1.4626
77.0000	0.7029	0.7373	0.0732	0.4781	0.8013	0.1888	0.0343	2.6909	0.3737	1.5193	0.9662	0.3040	0.1238	1.4487
83.0000	0.6891	0.7413	0.1004	0.4989	0.7972	0.3991	1.4544	0.9641	0.2993	0.1481	1.4199	0.2206	0.0497	2.6026
88.0000	0.7078	0.7369	0.0702	0.4926	0.7912	0.1859	0.0272	2.7496	0.3803	1.5267	0.9665	0.3045	0.1248	1.4491
78.0000	0.7035	0.7390	0.0879	0.4870	0.7955	0.1977	0.0376	2.7275	0.3807	1.5002	0.9678	0.3030	0.1315	1.4421
84.0000	0.6869	0.7418	0.0926	0.4940	0.8011	0.2308	0.0480	2.6123	0.3907	1.4462	0.9648	0.2988	0.1545	1.4155
89.0000	0.7072	0.7370	0.0705	0.4781	0.7970	0.1921	0.0290	2.6990	0.3764	1.5333	0.9657	0.3053	0.1278	1.4506
79.0000	0.7028	0.7378	0.0699	0.4683	0.7998	0.2017	0.0335	2.6860	0.3675	1.5269	0.9662	0.3038	0.1322	1.4384
90.0000	0.7078	0.7377	0.0661	0.4821	0.7954	0.1921	0.0256	2.7390	0.3803	1.5108	0.9672	0.3043	0.1229	1.4599
85.0000	0.6861	0.7420	0.0806	0.5051	0.8042	0.2218	0.0357	2.6073	0.4029	1.4651	0.9645	0.2978	0.1502	1.4113
80.0000	0.7031	0.7383	0.0738	0.4847	0.7987	0.2096	0.0349	2.6983	0.3712	1.5240	0.9642	0.3038	0.1418	1.4345
91.0000	0.7054	0.7378	0.0687	0.4887	0.7975	0.1966	0.0281	2.6771	0.3795	1.5107	0.9657	0.3065	0.1319	1.4457
86.0000	0.6864	0.7407	0.0807	0.5039	0.7997	0.2188	0.0365	2.6573	0.3956	1.4357	0.9642	0.2993	0.1484	1.4108
81.0000	0.7028	0.7397	0.0845	0.4936	0.7920	0.2018	0.0346	2.6704	0.3836	1.5161	0.9667	0.3022	0.1340	1.4407
92.0000	0.7073	0.7364	0.0664	0.4782	0.7995	0.1864	0.0287	2.7034	0.3753	1.5161	0.9671	0.3041	0.1197	1.4562
87.0000	0.6839	0.7434	0.0788	0.4952	0.8068	0.2322	0.0367	2.6175	0.3897	1.4580	0.9657	0.2976	0.1551	1.4080
82.0000	0.7001	0.7397	0.0879	0.4925	0.7857	0.2037	0.0371	2.6759	0.3763	1.5005	0.9668	0.3032	0.1343	1.4412
93.0000	0.7061	0.7373	0.0635	0.4792	0.7913	0.3717	1.5291	0.9676	0.3037	0.1288	1.4460	0.1978	0.0207	2.7300
88.0000	0.6835	0.7425	0.0875	0.4968	0.7933	0.2304	0.0362	2.6222	0.3944	1.4331	0.9654	0.2992	0.1532	1.4051
83.0000	0.7005	0.7401	0.0680	0.4714	0.8141	0.3706	1.5218	0.9676	0.3020	0.1373	1.4447	0.2074	0.0355	2.6483
94.0000	0.7049	0.7379	0.0588	0.4896	0.7980	0.1966	0.0230	2.7359	0.3837	1.4866	0.9663	0.3046	0.1275	1.4498
89.0000	0.6838	0.7429	0.0805	0.5026	0.8087	0.2353	0.0402	2.5786	0.4014	1.4432	0.9640	0.2975	0.1592	1.4043
84.0000	0.6997	0.7392	0.0768	0.4913	0.7912	0.2052	0.0319	2.6869	0.3801	1.5119	0.9666	0.3010	0.1340	1.4325
95.0000	0.7045	0.7376	0.0729	0.4802	0.7960	0.1882	0.0298	2.6935	0.3769	1.5179	0.9662	0.3045	0.1229	1.4431
90.0000	0.6846	0.7425	0.0898	0.5058	0.7900	0.3956	1.4473	0.9623	0.3000	0.1629	1.4072	0.2428	0.0376	2.6369
85.0000	0.7011	0.7388	0.0669	0.4816	0.8074	0.2036	0.0319	2.6961	0.3787	1.5091	0.9653	0.3029	0.1363	1.4440
96.0000	0.7048	0.7391	0.0706	0.4866	0.8014	0.2009	0.0305	2.7087	0.3818	1.5045	0.9671	0.3057	0.1321	1.4436
91.0000	0.6831	0.7419	0.0800	0.4904	0.8120	0.2393	0.0409	2.5830	0.3907	1.4407	0.9622	0.2979	0.1646	1.4086
86.0000	0.6999	0.7395	0.0869	0.4918	0.7949	0.2045	0.0388	2.6871	0.3843	1.4974	0.9667	0.3030	0.1378	1.4332
97.0000	0.7041	0.7394	0.0704	0.4854	0.7995	0.2045	0.0329	2.7238	0.3791	1.5156	0.9666	0.3051	0.1346	1.4390
92.0000	0.6838	0.7418	0.0842	0.4971	0.8009	0.2234	0.0399	2.6229	0.3924	1.4456	0.9644	0.2981	0.1504	1.4163
87.0000	0.6981	0.7374	0.0751	0.4828	0.8074	0.1955	0.0390	2.6589	0.3818	1.5006	0.9645	0.3021	0.1288	1.4347
98.0000	0.7059	0.7374	0.0682	0.4882	0.7920	0.1929	0.0267	2.7561	0.3799	1.5049	0.9667	0.3028	0.1242	1.4599
93.0000	0.6825	0.7419	0.0943	0.4968	0.8003	0.2242	0.0456	2.6070	0.3952	1.4195	0.9656	0.2969	0.1506	1.4060
88.0000	0.6998	0.7389	0.0780	0.4919	0.7903	0.2057	0.0327	2.7083	0.3811	1.5051	0.9664	0.3020	0.1356	1.4270
99.0000	0.7032	0.7372	0.0749	0.4854	0.7961	0.1939	0.0328	2.6805	0.3776	1.5171	0.9657	0.3051	0.1266	1.4384
89.0000	0.6960	0.7401	0.0745	0.4915	0.8010	0.2096	0.0351	2.6807	0.3863	1.4868	0.9661	0.3013	0.1379	1.4263
94.0000	0.6804	0.7437	0.0893	0.4980	0.8077	0.2370	0.0463	2.5603	0.3961	1.4190	0.9642	0.2974	0.1604	1.4048
90.0000	0.6959	0.7412	0.0723	0.4995	0.8025	0.2205	0.0310	2.6988	0.3936	1.4814	0.9657	0.3011	0.1467	1.4213
95.0000	0.6785	0.7437	0.0922	0.5099	0.8047	0.2353	0.0464	2.6156	0.4075	1.4116	0.9630	0.2982	0.1585	1.3920
91.0000	0.6968	0.7406	0.0728	0.4927	0.7969	0.2151	0.0288	2.7224	0.3871	1.4881	0.9658	0.3002	0.1444	1.4282
96.0000	0.6797	0.7414	0.0853	0.5072	0.8014	0.2328	0.0442	2.6320	0.3975	1.4238	0.9619	0.2959	0.1560	1.4059
92.0000	0.6969	0.7404	0.0725	0.4899	0.8092	0.2179	0.0371	2.6902	0.3892	1.4787	0.9648	0.3012	0.1459	1.4302
97.0000	0.6791	0.7416	0.0902	0.5029	0.7945	0.2285	0.0383	2.5906	0.3968	1.4332	0.9628	0.2966	0.1539	1.3964
93.0000	0.6969	0.7396	0.0818	0.4965	0.7896	0.2189	0.0328	2.6735	0.3845	1.4820	0.9647	0.3022	0.1444	1.4255
98.0000	0.6799	0.7434	0.0910	0.5042	0.8023	0.2423	0.0450	2.5763	0.3962	1.4293	0.9632	0.2963	0.1657	1.4048
94.0000	0.6959	0.7397	0.0770	0.4942	0.7931	0.2015	0.0296	2.6864	0.3821	1.4775	0.9670	0.3011	0.1350	1.4369
99.0000	0.6790	0.7436	0.1055	0.4985	0.8047	0.2371	0.0561	2.5802	0.3999	1.4243	0.9631	0.2965	0.1615	1.3980
95.0000	0.6954	0.7409	0.0866	0.4897	0.7986	0.2157	0.0389	2.6777	0.3805	1.4883	0.9667	0.3005	0.1451	1.4257
96.0000	0.6935	0.7413	0.0764	0.4996	0.8064	0.2192	0.0383	2.6661	0.3960	1.4796	0.9648	0.3013	0.1469	1.4264
97.0000	0.6936	0.7401	0.0773	0.4896	0.8033	0.2099	0.0359	2.6899	0.3822	1.4788	0.9663	0.2992	0.1399	1.4289
98.0000	0.6935	0.7414	0.0877	0.4883	0.8012	0.2294	0.0436	2.6655	0.3877	1.4806	0.9651	0.3013	0.1530	1.4149
99.0000	0.6935	0.7406	0.0862	0.4907	0.8006	0.2171	0.0404	2.6664	0.3823	1.4912	0.9654	0.3010	0.1455	1.4278
